Garima Rakesh
1 15484 0 99999 1 1 0 0 100000 0 -1 -1 -1 0
0 15484 0 -1 -1 -1 0 1 54675 0 50000 3 -1 0
1 15484 0 75000 2 -1 0 0 54675 0 -1 -1 -1 0
0 15484 0 -1 -1 -1 0 1 54675 0 25000 2 -1 0
1 15484 0 62500 2 -1 0 0 54675 0 -1 -1 -1 0
0 15484 0 -1 -1 -1 0 1 54675 0 12500 2 1 0
1 15484 0 56250 2 -1 0 0 54675 0 -1 -1 -1 0
0 15484 0 -1 -1 -1 0 1 54675 0 18750 2 -1 0
1 15484 0 53125 2 1 0 0 54675 0 -1 -1 -1 0
0 15484 0 -1 -1 -1 0 1 54675 50 15625 2 0 0
1 32997 50 54687 2 0 0 0 54675 50 -1 -1 -1 0
0 32997 50 -1 -1 -1 0 1 82767 50 50000 2 -1 0
1 32997 50 50000 2 1 0 0 82767 50 -1 -1 -1 0
0 32997 50 -1 -1 -1 0 1 82767 50 25000 2 1 0
1 32997 50 75000 2 1 0 0 82767 50 -1 -1 -1 0
0 32997 50 -1 -1 -1 0 1 82767 50 37500 2 -1 0
1 32997 50 87500 2 -1 0 0 82767 50 -1 -1 -1 0
0 32997 50 -1 -1 -1 0 1 82767 50 31250 2 1 0
1 32997 50 81250 2 1 0 0 82767 50 -1 -1 -1 0
0 32997 50 -1 -1 -1 0 1 82767 50 34375 2 -1 0
1 32997 50 84375 2 -1 0 0 82767 50 -1 -1 -1 0
0 32997 50 -1 -1 -1 0 1 82767 100 32812 2 0 0
1 20012 50 82812 1 -1 0 0 82767 100 -1 -1 -1 0
0 20012 50 -1 -1 -1 0 1 82767 100 50000 1 -1 0
1 20012 50 82031 1 1 0 0 82767 100 -1 -1 -1 0
0 20012 50 -1 -1 -1 0 1 82767 100 25000 1 -1 0
1 20012 50 82421 1 1 0 0 82767 100 -1 -1 -1 0
0 20012 50 -1 -1 -1 0 1 82767 100 12500 1 1 0
1 20012 50 82616 1 1 0 0 82767 100 -1 -1 -1 0
0 20012 50 -1 -1 -1 0 1 82767 100 18750 1 1 0
1 20012 50 82714 1 1 0 0 82767 100 -1 -1 -1 0
0 20012 50 -1 -1 -1 0 1 82767 100 21875 1 -1 0
1 20012 50 82763 1 1 0 0 82767 100 -1 -1 -1 0
0 20012 50 -1 -1 -1 0 1 82767 100 20312 1 -1 0
1 20012 50 82787 1 -1 0 0 82767 100 -1 -1 -1 0
0 20012 50 -1 -1 -1 0 1 82767 100 19531 1 1 0
1 20012 50 82775 1 -1 0 0 82767 100 -1 -1 -1 0
0 20012 50 -1 -1 -1 0 1 82767 100 19921 1 1 0
1 20012 50 82769 1 -1 0 0 82767 100 -1 -1 -1 0
0 20012 50 -1 -1 -1 0 1 82767 100 20116 1 -1 0
1 20012 50 82766 1 1 0 0 82767 100 -1 -1 -1 0
0 20012 50 -1 -1 -1 0 1 82767 100 20018 1 -1 0
1 20012 150 82767 1 0 0 0 82767 100 -1 -1 -1 0
0 20012 150 -1 -1 -1 0 1 61718 100 19969 1 1 0
1 20012 150 50000 1 1 0 0 61718 100 -1 -1 -1 0
0 20012 150 -1 -1 -1 0 1 61718 100 19993 1 1 0
1 20012 150 75000 1 -1 0 0 61718 100 -1 -1 -1 0
0 20012 150 -1 -1 -1 0 1 61718 100 20005 1 1 0
1 20012 150 62500 1 -1 0 0 61718 100 -1 -1 -1 0
0 20012 150 -1 -1 -1 0 1 61718 100 20011 1 1 0
1 20012 150 56250 1 1 0 0 61718 100 -1 -1 -1 0
0 20012 150 -1 -1 -1 0 1 61718 100 20014 1 -1 0
1 20012 150 59375 1 1 0 0 61718 100 -1 -1 -1 0
0 20012 150 -1 -1 -1 0 1 61718 200 20012 1 0 0
1 20274 150 60937 1 1 0 0 61718 200 -1 -1 -1 0
0 20274 150 -1 -1 -1 0 1 61718 200 50000 1 -1 0
1 20274 250 61718 1 0 0 0 61718 200 -1 -1 -1 0
0 20274 250 -1 -1 -1 0 1 15143 200 25000 1 -1 0
1 20274 250 50000 1 -1 0 0 15143 200 -1 -1 -1 0
0 20274 250 -1 -1 -1 0 1 15143 200 12500 1 1 0
1 20274 250 25000 1 -1 0 0 15143 200 -1 -1 -1 0
0 20274 250 -1 -1 -1 0 1 15143 200 18750 1 1 0
1 20274 250 12500 1 1 0 0 15143 200 -1 -1 -1 0
0 20274 250 -1 -1 -1 0 1 15143 200 21875 1 -1 0
1 20274 250 18750 1 -1 0 0 15143 200 -1 -1 -1 0
0 20274 250 -1 -1 -1 0 1 15143 200 20312 1 -1 0
1 20274 250 15625 1 -1 0 0 15143 200 -1 -1 -1 0
0 20274 250 -1 -1 -1 0 1 15143 200 19531 1 1 0
1 20274 250 14062 1 1 0 0 15143 200 -1 -1 -1 0
0 20274 250 -1 -1 -1 0 1 15143 200 19921 1 1 0
1 20274 250 14843 1 1 0 0 15143 200 -1 -1 -1 0
0 20274 250 -1 -1 -1 0 1 15143 200 20116 1 1 0
1 20274 250 15234 1 -1 0 0 15143 200 -1 -1 -1 0
0 20274 250 -1 -1 -1 0 1 15143 200 20214 1 1 0
1 20274 250 15038 1 1 0 0 15143 200 -1 -1 -1 0
0 20274 250 -1 -1 -1 0 1 15143 200 20263 1 1 0
1 20274 250 15136 1 1 0 0 15143 200 -1 -1 -1 0
0 20274 250 -1 -1 -1 0 1 15143 200 20287 1 -1 0
1 20274 250 15185 1 -1 0 0 15143 200 -1 -1 -1 0
0 20274 250 -1 -1 -1 0 1 15143 200 20275 1 -1 0
1 20274 250 15160 1 -1 0 0 15143 200 -1 -1 -1 0
0 20274 250 -1 -1 -1 0 1 15143 200 20269 1 1 0
1 20274 250 15148 1 -1 0 0 15143 200 -1 -1 -1 0
0 20274 250 -1 -1 -1 0 1 15143 200 20272 1 1 0
1 20274 250 15142 1 1 0 0 15143 200 -1 -1 -1 0
0 20274 250 -1 -1 -1 0 1 15143 200 20273 1 1 0
1 20274 250 15145 1 -1 0 0 15143 200 -1 -1 -1 0
0 20274 250 -1 -1 -1 0 1 15143 300 20274 1 0 0
1 41382 350 15143 1 0 0 0 15143 300 -1 -1 -1 0
0 41382 350 -1 -1 -1 0 1 28261 300 50000 1 -1 0
1 41382 350 50000 1 -1 0 0 28261 300 -1 -1 -1 0
0 41382 350 -1 -1 -1 0 1 28261 300 25000 1 1 0
1 41382 350 25000 1 1 0 0 28261 300 -1 -1 -1 0
0 41382 350 -1 -1 -1 0 1 28261 300 37500 1 1 0
1 41382 350 37500 1 -1 0 0 28261 300 -1 -1 -1 0
0 41382 350 -1 -1 -1 0 1 28261 300 43750 1 -1 0
1 41382 350 31250 1 -1 0 0 28261 300 -1 -1 -1 0
0 41382 350 -1 -1 -1 0 1 28261 300 40625 1 1 0
1 41382 350 28125 1 1 0 0 28261 300 -1 -1 -1 0
0 41382 350 -1 -1 -1 0 1 28261 300 42187 1 -1 0
1 41382 350 29687 1 -1 0 0 28261 300 -1 -1 -1 0
0 41382 350 -1 -1 -1 0 1 28261 300 41406 1 -1 0
1 41382 350 28906 1 -1 0 0 28261 300 -1 -1 -1 0
0 41382 350 -1 -1 -1 0 1 28261 300 41015 1 1 0
1 41382 350 28515 1 -1 0 0 28261 300 -1 -1 -1 0
0 41382 350 -1 -1 -1 0 1 28261 300 41210 1 1 0
1 41382 350 28320 1 -1 0 0 28261 300 -1 -1 -1 0
0 41382 350 -1 -1 -1 0 1 28261 300 41308 1 1 0
1 41382 350 28222 1 1 0 0 28261 300 -1 -1 -1 0
0 41382 350 -1 -1 -1 0 1 28261 300 41357 1 1 0
1 41382 350 28271 1 -1 0 0 28261 300 -1 -1 -1 0
0 41382 350 -1 -1 -1 0 1 28261 300 41381 1 1 0
1 41382 350 28246 1 1 0 0 28261 300 -1 -1 -1 0
0 41382 350 -1 -1 -1 0 1 28261 300 41393 1 -1 0
1 41382 350 28258 1 1 0 0 28261 300 -1 -1 -1 0
0 41382 350 -1 -1 -1 0 1 28261 300 41387 1 -1 0
1 41382 350 28264 1 -1 0 0 28261 300 -1 -1 -1 0
0 41382 350 -1 -1 -1 0 1 28261 300 41384 1 -1 0
1 41382 450 28261 1 0 0 0 28261 300 -1 -1 -1 0
0 41382 450 -1 -1 -1 0 1 66550 400 41382 1 0 0
1 19859 450 50000 1 1 0 0 66550 400 -1 -1 -1 0
0 19859 450 -1 -1 -1 0 1 66550 400 50000 1 -1 0
1 19859 450 75000 1 -1 0 0 66550 400 -1 -1 -1 0
0 19859 450 -1 -1 -1 0 1 66550 400 25000 1 -1 0
1 19859 450 62500 1 1 0 0 66550 400 -1 -1 -1 0
0 19859 450 -1 -1 -1 0 1 66550 400 12500 1 1 0
1 19859 450 68750 1 -1 0 0 66550 400 -1 -1 -1 0
0 19859 450 -1 -1 -1 0 1 66550 400 18750 1 1 0
1 19859 450 65625 1 1 0 0 66550 400 -1 -1 -1 0
0 19859 450 -1 -1 -1 0 1 66550 400 21875 1 -1 0
1 19859 450 67187 1 -1 0 0 66550 400 -1 -1 -1 0
0 19859 450 -1 -1 -1 0 1 66550 400 20312 1 -1 0
1 19859 450 66406 1 1 0 0 66550 400 -1 -1 -1 0
0 19859 450 -1 -1 -1 0 1 66550 400 19531 1 1 0
1 19859 450 66796 1 -1 0 0 66550 400 -1 -1 -1 0
0 19859 450 -1 -1 -1 0 1 66550 400 19921 1 -1 0
1 19859 450 66601 1 -1 0 0 66550 400 -1 -1 -1 0
0 19859 450 -1 -1 -1 0 1 66550 400 19726 1 1 0
1 19859 450 66503 1 1 0 0 66550 400 -1 -1 -1 0
0 19859 450 -1 -1 -1 0 1 66550 400 19823 1 1 0
1 19859 450 66552 1 -1 0 0 66550 400 -1 -1 -1 0
0 19859 450 -1 -1 -1 0 1 66550 400 19872 1 -1 0
1 19859 450 66527 1 1 0 0 66550 400 -1 -1 -1 0
0 19859 450 -1 -1 -1 0 1 66550 400 19847 1 1 0
1 19859 450 66539 1 1 0 0 66550 400 -1 -1 -1 0
0 19859 450 -1 -1 -1 0 1 66550 500 19859 1 0 0
1 15935 450 66545 1 1 0 0 66550 500 -1 -1 -1 0
0 15935 450 -1 -1 -1 0 1 66550 500 50000 1 -1 0
1 15935 450 66548 1 1 0 0 66550 500 -1 -1 -1 0
0 15935 450 -1 -1 -1 0 1 66550 500 25000 1 -1 0
1 15935 550 66550 1 0 0 0 66550 500 -1 -1 -1 0
0 15935 550 -1 -1 -1 0 1 55399 500 12500 1 1 0
1 15935 550 50000 1 1 0 0 55399 500 -1 -1 -1 0
0 15935 550 -1 -1 -1 0 1 55399 500 18750 1 -1 0
1 15935 550 75000 1 -1 0 0 55399 500 -1 -1 -1 0
0 15935 550 -1 -1 -1 0 1 55399 500 15625 1 1 0
1 15935 550 62500 1 -1 0 0 55399 500 -1 -1 -1 0
0 15935 550 -1 -1 -1 0 1 55399 500 17187 1 -1 0
1 15935 550 56250 1 -1 0 0 55399 500 -1 -1 -1 0
0 15935 550 -1 -1 -1 0 1 55399 500 16406 1 -1 0
1 15935 550 53125 1 1 0 0 55399 500 -1 -1 -1 0
0 15935 550 -1 -1 -1 0 1 55399 500 16015 1 -1 0
1 15935 550 54687 1 1 0 0 55399 500 -1 -1 -1 0
0 15935 550 -1 -1 -1 0 1 55399 500 15820 1 1 0
1 15935 550 55468 1 -1 0 0 55399 500 -1 -1 -1 0
0 15935 550 -1 -1 -1 0 1 55399 500 15917 1 1 0
1 15935 550 55077 1 1 0 0 55399 500 -1 -1 -1 0
0 15935 550 -1 -1 -1 0 1 55399 500 15966 1 -1 0
1 15935 550 55272 1 1 0 0 55399 500 -1 -1 -1 0
0 15935 550 -1 -1 -1 0 1 55399 500 15941 1 -1 0
1 15935 550 55370 1 1 0 0 55399 500 -1 -1 -1 0
0 15935 550 -1 -1 -1 0 1 55399 500 15929 1 1 0
1 15935 550 55419 1 -1 0 0 55399 500 -1 -1 -1 0
0 15935 550 -1 -1 -1 0 1 55399 600 15935 1 0 0
1 41259 550 55394 1 1 0 0 55399 600 -1 -1 -1 0
0 41259 550 -1 -1 -1 0 1 55399 600 50000 1 -1 0
1 41259 550 55406 1 -1 0 0 55399 600 -1 -1 -1 0
0 41259 550 -1 -1 -1 0 1 55399 600 25000 1 1 0
1 41259 550 55400 1 -1 0 0 55399 600 -1 -1 -1 0
0 41259 550 -1 -1 -1 0 1 55399 600 37500 1 1 0
1 41259 550 55397 1 1 0 0 55399 600 -1 -1 -1 0
0 41259 550 -1 -1 -1 0 1 55399 600 43750 1 -1 0
1 41259 550 55398 1 1 0 0 55399 600 -1 -1 -1 0
0 41259 550 -1 -1 -1 0 1 55399 600 40625 1 1 0
1 41259 650 55399 1 0 0 0 55399 600 -1 -1 -1 0
0 41259 650 -1 -1 -1 0 1 75456 600 42187 1 -1 0
1 41259 650 50000 1 1 0 0 75456 600 -1 -1 -1 0
0 41259 650 -1 -1 -1 0 1 75456 600 41406 1 -1 0
1 41259 650 75000 1 1 0 0 75456 600 -1 -1 -1 0
0 41259 650 -1 -1 -1 0 1 75456 600 41015 1 1 0
1 41259 650 87500 1 -1 0 0 75456 600 -1 -1 -1 0
0 41259 650 -1 -1 -1 0 1 75456 600 41210 1 1 0
1 41259 650 81250 1 -1 0 0 75456 600 -1 -1 -1 0
0 41259 650 -1 -1 -1 0 1 75456 600 41308 1 -1 0
1 41259 650 78125 1 -1 0 0 75456 600 -1 -1 -1 0
0 41259 650 -1 -1 -1 0 1 75456 700 41259 1 0 0
1 40169 650 76562 1 -1 0 0 75456 700 -1 -1 -1 0
0 40169 650 -1 -1 -1 0 1 75456 700 50000 1 -1 0
1 40169 650 75781 1 -1 0 0 75456 700 -1 -1 -1 0
0 40169 650 -1 -1 -1 0 1 75456 700 25000 1 1 0
1 40169 650 75390 1 1 0 0 75456 700 -1 -1 -1 0
0 40169 650 -1 -1 -1 0 1 75456 700 37500 1 1 0
1 40169 650 75585 1 -1 0 0 75456 700 -1 -1 -1 0
0 40169 650 -1 -1 -1 0 1 75456 700 43750 1 -1 0
1 40169 650 75487 1 -1 0 0 75456 700 -1 -1 -1 0
0 40169 650 -1 -1 -1 0 1 75456 700 40625 1 -1 0
1 40169 650 75438 1 1 0 0 75456 700 -1 -1 -1 0
0 40169 650 -1 -1 -1 0 1 75456 700 39062 1 1 0
1 40169 650 75462 1 -1 0 0 75456 700 -1 -1 -1 0
0 40169 650 -1 -1 -1 0 1 75456 700 39843 1 1 0
1 40169 650 75450 1 1 0 0 75456 700 -1 -1 -1 0
0 40169 650 -1 -1 -1 0 1 75456 700 40234 1 -1 0
1 40169 750 75456 1 0 0 0 75456 700 -1 -1 -1 0
0 40169 750 -1 -1 -1 0 1 32083 700 40038 1 1 0
1 40169 750 50000 1 -1 0 0 32083 700 -1 -1 -1 0
0 40169 750 -1 -1 -1 0 1 32083 700 40136 1 1 0
1 40169 750 25000 1 1 0 0 32083 700 -1 -1 -1 0
0 40169 750 -1 -1 -1 0 1 32083 700 40185 1 -1 0
1 40169 750 37500 1 -1 0 0 32083 700 -1 -1 -1 0
0 40169 750 -1 -1 -1 0 1 32083 700 40160 1 1 0
1 40169 750 31250 1 1 0 0 32083 700 -1 -1 -1 0
0 40169 750 -1 -1 -1 0 1 32083 700 40172 1 -1 0
1 40169 750 34375 1 -1 0 0 32083 700 -1 -1 -1 0
0 40169 750 -1 -1 -1 0 1 32083 700 40166 1 1 0
1 40169 750 32812 1 -1 0 0 32083 700 -1 -1 -1 0
0 40169 750 -1 -1 -1 0 1 32083 800 40169 1 0 0
1 20469 750 32031 1 1 0 0 32083 800 -1 -1 -1 0
0 20469 750 -1 -1 -1 0 1 32083 800 50000 1 -1 0
1 20469 750 32421 1 -1 0 0 32083 800 -1 -1 -1 0
0 20469 750 -1 -1 -1 0 1 32083 800 25000 1 -1 0
1 20469 750 32226 1 -1 0 0 32083 800 -1 -1 -1 0
0 20469 750 -1 -1 -1 0 1 32083 800 12500 1 1 0
1 20469 750 32128 1 -1 0 0 32083 800 -1 -1 -1 0
0 20469 750 -1 -1 -1 0 1 32083 800 18750 1 1 0
1 20469 750 32079 1 1 0 0 32083 800 -1 -1 -1 0
0 20469 750 -1 -1 -1 0 1 32083 800 21875 1 -1 0
1 20469 750 32103 1 -1 0 0 32083 800 -1 -1 -1 0
0 20469 750 -1 -1 -1 0 1 32083 800 20312 1 1 0
1 20469 750 32091 1 -1 0 0 32083 800 -1 -1 -1 0
0 20469 750 -1 -1 -1 0 1 32083 800 21093 1 -1 0
1 20469 750 32085 1 -1 0 0 32083 800 -1 -1 -1 0
0 20469 750 -1 -1 -1 0 1 32083 800 20702 1 -1 0
1 20469 750 32082 1 1 0 0 32083 800 -1 -1 -1 0
0 20469 750 -1 -1 -1 0 1 32083 800 20507 1 -1 0
1 20469 850 32083 1 0 0 0 32083 800 -1 -1 -1 0
0 20469 850 -1 -1 -1 0 1 69683 800 20409 1 1 0
1 20469 850 50000 1 1 0 0 69683 800 -1 -1 -1 0
0 20469 850 -1 -1 -1 0 1 69683 800 20458 1 1 0
1 20469 850 75000 1 -1 0 0 69683 800 -1 -1 -1 0
0 20469 850 -1 -1 -1 0 1 69683 800 20482 1 -1 0
1 20469 850 62500 1 1 0 0 69683 800 -1 -1 -1 0
0 20469 850 -1 -1 -1 0 1 69683 800 20470 1 -1 0
1 20469 850 68750 1 1 0 0 69683 800 -1 -1 -1 0
0 20469 850 -1 -1 -1 0 1 69683 800 20464 1 1 0
1 20469 850 71875 1 -1 0 0 69683 800 -1 -1 -1 0
0 20469 850 -1 -1 -1 0 1 69683 800 20467 1 1 0
1 20469 850 70312 1 -1 0 0 69683 800 -1 -1 -1 0
0 20469 850 -1 -1 -1 0 1 69683 800 20468 1 1 0
1 20469 850 69531 1 1 0 0 69683 800 -1 -1 -1 0
0 20469 850 -1 -1 -1 0 1 69683 900 20469 1 0 0
1 26593 850 69921 1 -1 0 0 69683 900 -1 -1 -1 0
0 26593 850 -1 -1 -1 0 1 69683 900 50000 1 -1 0
1 26593 850 69726 1 -1 0 0 69683 900 -1 -1 -1 0
0 26593 850 -1 -1 -1 0 1 69683 900 25000 1 1 0
1 26593 850 69628 1 1 0 0 69683 900 -1 -1 -1 0
0 26593 850 -1 -1 -1 0 1 69683 900 37500 1 -1 0
1 26593 850 69677 1 1 0 0 69683 900 -1 -1 -1 0
0 26593 850 -1 -1 -1 0 1 69683 900 31250 1 -1 0
1 26593 850 69701 1 -1 0 0 69683 900 -1 -1 -1 0
0 26593 850 -1 -1 -1 0 1 69683 900 28125 1 -1 0
1 26593 850 69689 1 -1 0 0 69683 900 -1 -1 -1 0
0 26593 850 -1 -1 -1 0 1 69683 900 26562 1 1 0
1 26593 950 69683 1 0 0 0 69683 900 -1 -1 -1 0
0 26593 950 -1 -1 -1 0 1 67889 900 27343 1 -1 0
1 26593 950 50000 1 1 0 0 67889 900 -1 -1 -1 0
0 26593 950 -1 -1 -1 0 1 67889 900 26952 1 -1 0
1 26593 950 75000 1 -1 0 0 67889 900 -1 -1 -1 0
0 26593 950 -1 -1 -1 0 1 67889 900 26757 1 -1 0
1 26593 950 62500 1 1 0 0 67889 900 -1 -1 -1 0
0 26593 950 -1 -1 -1 0 1 67889 900 26659 1 -1 0
1 26593 950 68750 1 -1 0 0 67889 900 -1 -1 -1 0
0 26593 950 -1 -1 -1 0 1 67889 900 26610 1 -1 0
1 26593 950 65625 1 1 0 0 67889 900 -1 -1 -1 0
0 26593 950 -1 -1 -1 0 1 67889 900 26586 1 1 0
1 26593 950 67187 1 1 0 0 67889 900 -1 -1 -1 0
0 26593 950 -1 -1 -1 0 1 67889 900 26598 1 -1 0
1 26593 950 67968 1 -1 0 0 67889 900 -1 -1 -1 0
0 26593 950 -1 -1 -1 0 1 67889 900 26592 1 1 0
1 26593 950 67577 1 1 0 0 67889 900 -1 -1 -1 0
0 26593 950 -1 -1 -1 0 1 67889 900 26595 1 -1 0
1 26593 950 67772 1 1 0 0 67889 900 -1 -1 -1 0
0 26593 950 -1 -1 -1 0 1 67889 1000 26593 1 0 0
1 28872 950 67870 1 1 0 0 67889 1000 -1 -1 -1 0
0 28872 950 -1 -1 -1 0 1 67889 1000 50000 1 -1 0
1 28872 950 67919 1 -1 0 0 67889 1000 -1 -1 -1 0
0 28872 950 -1 -1 -1 0 1 67889 1000 25000 1 1 0
1 28872 950 67894 1 -1 0 0 67889 1000 -1 -1 -1 0
0 28872 950 -1 -1 -1 0 1 67889 1000 37500 1 -1 0
1 28872 950 67882 1 1 0 0 67889 1000 -1 -1 -1 0
0 28872 950 -1 -1 -1 0 1 67889 1000 31250 1 -1 0
1 28872 950 67888 1 1 0 0 67889 1000 -1 -1 -1 0
0 28872 950 -1 -1 -1 0 1 67889 1000 28125 1 1 0
1 28872 950 67891 1 -1 0 0 67889 1000 -1 -1 -1 0
0 28872 950 -1 -1 -1 0 1 67889 1000 29687 1 -1 0
1 28872 1050 67889 1 0 0 0 67889 1000 -1 -1 -1 0
0 28872 1050 -1 -1 -1 0 1 13597 1000 28906 1 -1 0
1 28872 1050 50000 1 -1 0 0 13597 1000 -1 -1 -1 0
0 28872 1050 -1 -1 -1 0 1 13597 1000 28515 1 1 0
1 28872 1050 25000 1 -1 0 0 13597 1000 -1 -1 -1 0
0 28872 1050 -1 -1 -1 0 1 13597 1000 28710 1 1 0
1 28872 1050 12500 1 1 0 0 13597 1000 -1 -1 -1 0
0 28872 1050 -1 -1 -1 0 1 13597 1000 28808 1 1 0
1 28872 1050 18750 1 -1 0 0 13597 1000 -1 -1 -1 0
0 28872 1050 -1 -1 -1 0 1 13597 1000 28857 1 1 0
1 28872 1050 15625 1 -1 0 0 13597 1000 -1 -1 -1 0
0 28872 1050 -1 -1 -1 0 1 13597 1000 28881 1 -1 0
1 28872 1050 14062 1 -1 0 0 13597 1000 -1 -1 -1 0
0 28872 1050 -1 -1 -1 0 1 13597 1000 28869 1 1 0
1 28872 1050 13281 1 1 0 0 13597 1000 -1 -1 -1 0
0 28872 1050 -1 -1 -1 0 1 13597 1000 28875 1 -1 0
1 28872 1050 13671 1 -1 0 0 13597 1000 -1 -1 -1 0
0 28872 1050 -1 -1 -1 0 1 13597 1100 28872 1 0 0
1 3714 1050 13476 1 1 0 0 13597 1100 -1 -1 -1 0
0 3714 1050 -1 -1 -1 0 1 13597 1100 50000 1 -1 0
1 3714 1050 13573 1 1 0 0 13597 1100 -1 -1 -1 0
0 3714 1050 -1 -1 -1 0 1 13597 1100 25000 1 -1 0
1 3714 1050 13622 1 -1 0 0 13597 1100 -1 -1 -1 0
0 3714 1050 -1 -1 -1 0 1 13597 1100 12500 1 -1 0
1 3714 1150 13597 1 0 0 0 13597 1100 -1 -1 -1 0
0 3714 1150 -1 -1 -1 0 1 45228 1100 6250 1 -1 0
1 3714 1150 50000 1 -1 0 0 45228 1100 -1 -1 -1 0
0 3714 1150 -1 -1 -1 0 1 45228 1100 3125 1 1 0
1 3714 1150 25000 1 1 0 0 45228 1100 -1 -1 -1 0
0 3714 1150 -1 -1 -1 0 1 45228 1100 4687 1 -1 0
1 3714 1150 37500 1 1 0 0 45228 1100 -1 -1 -1 0
0 3714 1150 -1 -1 -1 0 1 45228 1100 3906 1 -1 0
1 3714 1150 43750 1 1 0 0 45228 1100 -1 -1 -1 0
0 3714 1150 -1 -1 -1 0 1 45228 1100 3515 1 1 0
1 3714 1150 46875 1 -1 0 0 45228 1100 -1 -1 -1 0
0 3714 1150 -1 -1 -1 0 1 45228 1100 3710 1 1 0
1 3714 1150 45312 1 -1 0 0 45228 1100 -1 -1 -1 0
0 3714 1150 -1 -1 -1 0 1 45228 1100 3808 1 -1 0
1 3714 1150 44531 1 1 0 0 45228 1100 -1 -1 -1 0
0 3714 1150 -1 -1 -1 0 1 45228 1100 3759 1 -1 0
1 3714 1150 44921 1 1 0 0 45228 1100 -1 -1 -1 0
0 3714 1150 -1 -1 -1 0 1 45228 1100 3734 1 -1 0
1 3714 1150 45116 1 1 0 0 45228 1100 -1 -1 -1 0
0 3714 1150 -1 -1 -1 0 1 45228 1100 3722 1 -1 0
1 3714 1150 45214 1 1 0 0 45228 1100 -1 -1 -1 0
0 3714 1150 -1 -1 -1 0 1 45228 1100 3716 1 -1 0
1 3714 1150 45263 1 -1 0 0 45228 1100 -1 -1 -1 0
0 3714 1150 -1 -1 -1 0 1 45228 1100 3713 1 1 0
1 3714 1150 45238 1 -1 0 0 45228 1100 -1 -1 -1 0
0 3714 1150 -1 -1 -1 0 1 45228 1200 3714 1 0 0
1 13107 1150 45226 1 1 0 0 45228 1200 -1 -1 -1 0
0 13107 1150 -1 -1 -1 0 1 45228 1200 50000 1 -1 0
1 13107 1150 45232 1 -1 0 0 45228 1200 -1 -1 -1 0
0 13107 1150 -1 -1 -1 0 1 45228 1200 25000 1 -1 0
1 13107 1150 45229 1 -1 0 0 45228 1200 -1 -1 -1 0
0 13107 1150 -1 -1 -1 0 1 45228 1200 12500 1 1 0
1 13107 1150 45227 1 1 0 0 45228 1200 -1 -1 -1 0
0 13107 1150 -1 -1 -1 0 1 45228 1200 18750 1 -1 0
1 13107 1250 45228 1 0 0 0 45228 1200 -1 -1 -1 0
0 13107 1250 -1 -1 -1 0 1 98476 1200 15625 1 -1 0
1 13107 1250 50000 1 1 0 0 98476 1200 -1 -1 -1 0
0 13107 1250 -1 -1 -1 0 1 98476 1200 14062 1 -1 0
1 13107 1250 75000 1 1 0 0 98476 1200 -1 -1 -1 0
0 13107 1250 -1 -1 -1 0 1 98476 1200 13281 1 -1 0
1 13107 1250 87500 1 1 0 0 98476 1200 -1 -1 -1 0
0 13107 1250 -1 -1 -1 0 1 98476 1200 12890 1 1 0
1 13107 1250 93750 1 1 0 0 98476 1200 -1 -1 -1 0
0 13107 1250 -1 -1 -1 0 1 98476 1200 13085 1 1 0
1 13107 1250 96875 1 1 0 0 98476 1200 -1 -1 -1 0
0 13107 1250 -1 -1 -1 0 1 98476 1200 13183 1 -1 0
1 13107 1250 98437 1 1 0 0 98476 1200 -1 -1 -1 0
0 13107 1250 -1 -1 -1 0 1 98476 1200 13134 1 -1 0
1 13107 1250 99218 1 -1 0 0 98476 1200 -1 -1 -1 0
0 13107 1250 -1 -1 -1 0 1 98476 1200 13109 1 -1 0
1 13107 1250 98827 1 -1 0 0 98476 1200 -1 -1 -1 0
0 13107 1250 -1 -1 -1 0 1 98476 1200 13097 1 1 0
1 13107 1250 98632 1 -1 0 0 98476 1200 -1 -1 -1 0
0 13107 1250 -1 -1 -1 0 1 98476 1200 13103 1 1 0
1 13107 1250 98534 1 -1 0 0 98476 1200 -1 -1 -1 0
0 13107 1250 -1 -1 -1 0 1 98476 1200 13106 1 1 0
1 13107 1250 98485 1 -1 0 0 98476 1200 -1 -1 -1 0
0 13107 1250 -1 -1 -1 0 1 98476 1300 13107 1 0 0
1 30792 1250 98461 1 1 0 0 98476 1300 -1 -1 -1 0
0 30792 1250 -1 -1 -1 0 1 98476 1300 50000 1 -1 0
1 30792 1250 98473 1 1 0 0 98476 1300 -1 -1 -1 0
0 30792 1250 -1 -1 -1 0 1 98476 1300 25000 1 1 0
1 30792 1250 98479 1 -1 0 0 98476 1300 -1 -1 -1 0
0 30792 1250 -1 -1 -1 0 1 98476 1300 37500 1 -1 0
1 30792 1350 98476 1 0 0 0 98476 1300 -1 -1 -1 0
0 30792 1350 -1 -1 -1 0 1 20757 1300 31250 1 -1 0
1 30792 1350 50000 1 -1 0 0 20757 1300 -1 -1 -1 0
0 30792 1350 -1 -1 -1 0 1 20757 1300 28125 1 1 0
1 30792 1350 25000 1 -1 0 0 20757 1300 -1 -1 -1 0
0 30792 1350 -1 -1 -1 0 1 20757 1300 29687 1 1 0
1 30792 1350 12500 1 1 0 0 20757 1300 -1 -1 -1 0
0 30792 1350 -1 -1 -1 0 1 20757 1300 30468 1 1 0
1 30792 1350 18750 1 1 0 0 20757 1300 -1 -1 -1 0
0 30792 1350 -1 -1 -1 0 1 20757 1300 30859 1 -1 0
1 30792 1350 21875 1 -1 0 0 20757 1300 -1 -1 -1 0
0 30792 1350 -1 -1 -1 0 1 20757 1300 30663 1 1 0
1 30792 1350 20312 1 1 0 0 20757 1300 -1 -1 -1 0
0 30792 1350 -1 -1 -1 0 1 20757 1300 30761 1 1 0
1 30792 1350 21093 1 -1 0 0 20757 1300 -1 -1 -1 0
0 30792 1350 -1 -1 -1 0 1 20757 1300 30810 1 -1 0
1 30792 1350 20702 1 1 0 0 20757 1300 -1 -1 -1 0
0 30792 1350 -1 -1 -1 0 1 20757 1300 30785 1 1 0
1 30792 1350 20897 1 -1 0 0 20757 1300 -1 -1 -1 0
0 30792 1350 -1 -1 -1 0 1 20757 1300 30797 1 -1 0
1 30792 1350 20799 1 -1 0 0 20757 1300 -1 -1 -1 0
0 30792 1350 -1 -1 -1 0 1 20757 1300 30791 1 1 0
1 30792 1350 20750 1 1 0 0 20757 1300 -1 -1 -1 0
0 30792 1350 -1 -1 -1 0 1 20757 1300 30794 1 -1 0
1 30792 1350 20774 1 -1 0 0 20757 1300 -1 -1 -1 0
0 30792 1350 -1 -1 -1 0 1 20757 1400 30792 1 0 0
1 5625 1350 20762 1 -1 0 0 20757 1400 -1 -1 -1 0
0 5625 1350 -1 -1 -1 0 1 20757 1400 50000 1 -1 0
1 5625 1350 20756 1 1 0 0 20757 1400 -1 -1 -1 0
0 5625 1350 -1 -1 -1 0 1 20757 1400 25000 1 -1 0
1 5625 1350 20759 1 -1 0 0 20757 1400 -1 -1 -1 0
0 5625 1350 -1 -1 -1 0 1 20757 1400 12500 1 -1 0
1 5625 1450 20757 1 0 0 0 20757 1400 -1 -1 -1 0
0 5625 1450 -1 -1 -1 0 1 42035 1400 6250 1 -1 0
1 5625 1450 50000 1 -1 0 0 42035 1400 -1 -1 -1 0
0 5625 1450 -1 -1 -1 0 1 42035 1400 3125 1 1 0
1 5625 1450 25000 1 1 0 0 42035 1400 -1 -1 -1 0
0 5625 1450 -1 -1 -1 0 1 42035 1400 4687 1 1 0
1 5625 1450 37500 1 1 0 0 42035 1400 -1 -1 -1 0
0 5625 1450 -1 -1 -1 0 1 42035 1400 5468 1 1 0
1 5625 1450 43750 1 -1 0 0 42035 1400 -1 -1 -1 0
0 5625 1450 -1 -1 -1 0 1 42035 1400 5859 1 -1 0
1 5625 1450 40625 1 1 0 0 42035 1400 -1 -1 -1 0
0 5625 1450 -1 -1 -1 0 1 42035 1400 5663 1 -1 0
1 5625 1450 42187 1 -1 0 0 42035 1400 -1 -1 -1 0
0 5625 1450 -1 -1 -1 0 1 42035 1400 5565 1 1 0
1 5625 1450 41406 1 1 0 0 42035 1400 -1 -1 -1 0
0 5625 1450 -1 -1 -1 0 1 42035 1400 5614 1 1 0
1 5625 1450 41796 1 1 0 0 42035 1400 -1 -1 -1 0
0 5625 1450 -1 -1 -1 0 1 42035 1400 5638 1 -1 0
1 5625 1450 41991 1 1 0 0 42035 1400 -1 -1 -1 0
0 5625 1450 -1 -1 -1 0 1 42035 1400 5626 1 -1 0
1 5625 1450 42089 1 -1 0 0 42035 1400 -1 -1 -1 0
0 5625 1450 -1 -1 -1 0 1 42035 1400 5620 1 1 0
1 5625 1450 42040 1 -1 0 0 42035 1400 -1 -1 -1 0
0 5625 1450 -1 -1 -1 0 1 42035 1400 5623 1 1 0
1 5625 1450 42015 1 1 0 0 42035 1400 -1 -1 -1 0
0 5625 1450 -1 -1 -1 0 1 42035 1400 5624 1 1 0
1 5625 1450 42027 1 1 0 0 42035 1400 -1 -1 -1 0
0 5625 1450 -1 -1 -1 0 1 42035 1500 5625 1 0 0
1 18374 1450 42033 1 1 0 0 42035 1500 -1 -1 -1 0
0 18374 1450 -1 -1 -1 0 1 42035 1500 50000 1 -1 0
1 18374 1450 42036 1 -1 0 0 42035 1500 -1 -1 -1 0
0 18374 1450 -1 -1 -1 0 1 42035 1500 25000 1 -1 0
1 18374 1450 42034 1 1 0 0 42035 1500 -1 -1 -1 0
0 18374 1450 -1 -1 -1 0 1 42035 1500 12500 1 1 0
1 18374 1550 42035 1 0 0 0 42035 1500 -1 -1 -1 0
0 18374 1550 -1 -1 -1 0 1 63296 1500 18750 1 -1 0
1 18374 1550 50000 1 1 0 0 63296 1500 -1 -1 -1 0
0 18374 1550 -1 -1 -1 0 1 63296 1500 15625 1 1 0
1 18374 1550 75000 1 -1 0 0 63296 1500 -1 -1 -1 0
0 18374 1550 -1 -1 -1 0 1 63296 1500 17187 1 1 0
1 18374 1550 62500 1 1 0 0 63296 1500 -1 -1 -1 0
0 18374 1550 -1 -1 -1 0 1 63296 1500 17968 1 1 0
1 18374 1550 68750 1 -1 0 0 63296 1500 -1 -1 -1 0
0 18374 1550 -1 -1 -1 0 1 63296 1500 18359 1 1 0
1 18374 1550 65625 1 -1 0 0 63296 1500 -1 -1 -1 0
0 18374 1550 -1 -1 -1 0 1 63296 1500 18554 1 -1 0
1 18374 1550 64062 1 -1 0 0 63296 1500 -1 -1 -1 0
0 18374 1550 -1 -1 -1 0 1 63296 1500 18456 1 -1 0
1 18374 1550 63281 1 1 0 0 63296 1500 -1 -1 -1 0
0 18374 1550 -1 -1 -1 0 1 63296 1500 18407 1 -1 0
1 18374 1550 63671 1 -1 0 0 63296 1500 -1 -1 -1 0
0 18374 1550 -1 -1 -1 0 1 63296 1500 18383 1 -1 0
1 18374 1550 63476 1 -1 0 0 63296 1500 -1 -1 -1 0
0 18374 1550 -1 -1 -1 0 1 63296 1500 18371 1 1 0
1 18374 1550 63378 1 -1 0 0 63296 1500 -1 -1 -1 0
0 18374 1550 -1 -1 -1 0 1 63296 1500 18377 1 -1 0
1 18374 1550 63329 1 -1 0 0 63296 1500 -1 -1 -1 0
0 18374 1550 -1 -1 -1 0 1 63296 1600 18374 1 0 0
1 48788 1550 63305 1 -1 0 0 63296 1600 -1 -1 -1 0
0 48788 1550 -1 -1 -1 0 1 63296 1600 50000 1 -1 0
1 48788 1550 63293 1 1 0 0 63296 1600 -1 -1 -1 0
0 48788 1550 -1 -1 -1 0 1 63296 1600 25000 1 1 0
1 48788 1550 63299 1 -1 0 0 63296 1600 -1 -1 -1 0
0 48788 1550 -1 -1 -1 0 1 63296 1600 37500 1 1 0
1 48788 1650 63296 1 0 0 0 63296 1600 -1 -1 -1 0
0 48788 1650 -1 -1 -1 0 1 33527 1600 43750 1 1 0
1 48788 1650 50000 1 -1 0 0 33527 1600 -1 -1 -1 0
0 48788 1650 -1 -1 -1 0 1 33527 1600 46875 1 1 0
1 48788 1650 25000 1 1 0 0 33527 1600 -1 -1 -1 0
0 48788 1650 -1 -1 -1 0 1 33527 1600 48437 1 1 0
1 48788 1650 37500 1 -1 0 0 33527 1600 -1 -1 -1 0
0 48788 1650 -1 -1 -1 0 1 33527 1600 49218 1 -1 0
1 48788 1650 31250 1 1 0 0 33527 1600 -1 -1 -1 0
0 48788 1650 -1 -1 -1 0 1 33527 1600 48827 1 -1 0
1 48788 1650 34375 1 -1 0 0 33527 1600 -1 -1 -1 0
0 48788 1650 -1 -1 -1 0 1 33527 1600 48632 1 1 0
1 48788 1650 32812 1 1 0 0 33527 1600 -1 -1 -1 0
0 48788 1650 -1 -1 -1 0 1 33527 1600 48729 1 1 0
1 48788 1650 33593 1 -1 0 0 33527 1600 -1 -1 -1 0
0 48788 1650 -1 -1 -1 0 1 33527 1600 48778 1 1 0
1 48788 1650 33202 1 1 0 0 33527 1600 -1 -1 -1 0
0 48788 1650 -1 -1 -1 0 1 33527 1600 48802 1 -1 0
1 48788 1650 33397 1 1 0 0 33527 1600 -1 -1 -1 0
0 48788 1650 -1 -1 -1 0 1 33527 1600 48790 1 -1 0
1 48788 1650 33495 1 1 0 0 33527 1600 -1 -1 -1 0
0 48788 1650 -1 -1 -1 0 1 33527 1600 48784 1 1 0
1 48788 1650 33544 1 -1 0 0 33527 1600 -1 -1 -1 0
0 48788 1650 -1 -1 -1 0 1 33527 1600 48787 1 1 0
1 48788 1650 33519 1 1 0 0 33527 1600 -1 -1 -1 0
0 48788 1650 -1 -1 -1 0 1 33527 1700 48788 1 0 0
1 23134 1650 33531 1 -1 0 0 33527 1700 -1 -1 -1 0
0 23134 1650 -1 -1 -1 0 1 33527 1700 50000 1 -1 0
1 23134 1650 33525 1 1 0 0 33527 1700 -1 -1 -1 0
0 23134 1650 -1 -1 -1 0 1 33527 1700 25000 1 -1 0
1 23134 1650 33528 1 -1 0 0 33527 1700 -1 -1 -1 0
0 23134 1650 -1 -1 -1 0 1 33527 1700 12500 1 1 0
1 23134 1650 33526 1 1 0 0 33527 1700 -1 -1 -1 0
0 23134 1650 -1 -1 -1 0 1 33527 1700 18750 1 1 0
1 23134 1750 33527 1 0 0 0 33527 1700 -1 -1 -1 0
0 23134 1750 -1 -1 -1 0 1 22777 1700 21875 1 1 0
1 23134 1750 50000 1 -1 0 0 22777 1700 -1 -1 -1 0
0 23134 1750 -1 -1 -1 0 1 22777 1700 23437 1 -1 0
1 23134 1750 25000 1 -1 0 0 22777 1700 -1 -1 -1 0
0 23134 1750 -1 -1 -1 0 1 22777 1700 22656 1 1 0
1 23134 1750 12500 1 1 0 0 22777 1700 -1 -1 -1 0
0 23134 1750 -1 -1 -1 0 1 22777 1700 23046 1 1 0
1 23134 1750 18750 1 1 0 0 22777 1700 -1 -1 -1 0
0 23134 1750 -1 -1 -1 0 1 22777 1700 23241 1 -1 0
1 23134 1750 21875 1 1 0 0 22777 1700 -1 -1 -1 0
0 23134 1750 -1 -1 -1 0 1 22777 1700 23143 1 -1 0
1 23134 1750 23437 1 -1 0 0 22777 1700 -1 -1 -1 0
0 23134 1750 -1 -1 -1 0 1 22777 1700 23094 1 1 0
1 23134 1750 22656 1 1 0 0 22777 1700 -1 -1 -1 0
0 23134 1750 -1 -1 -1 0 1 22777 1700 23118 1 1 0
1 23134 1750 23046 1 -1 0 0 22777 1700 -1 -1 -1 0
0 23134 1750 -1 -1 -1 0 1 22777 1700 23130 1 1 0
1 23134 1750 22851 1 -1 0 0 22777 1700 -1 -1 -1 0
0 23134 1750 -1 -1 -1 0 1 22777 1700 23136 1 -1 0
1 23134 1750 22753 1 1 0 0 22777 1700 -1 -1 -1 0
0 23134 1750 -1 -1 -1 0 1 22777 1700 23133 1 1 0
1 23134 1750 22802 1 -1 0 0 22777 1700 -1 -1 -1 0
0 23134 1750 -1 -1 -1 0 1 22777 1800 23134 1 0 0
1 40806 1850 22777 1 0 0 0 22777 1800 -1 -1 -1 0
0 40806 1850 -1 -1 -1 0 1 70194 1800 50000 1 -1 0
1 40806 1850 50000 1 1 0 0 70194 1800 -1 -1 -1 0
0 40806 1850 -1 -1 -1 0 1 70194 1800 25000 1 1 0
1 40806 1850 75000 1 -1 0 0 70194 1800 -1 -1 -1 0
0 40806 1850 -1 -1 -1 0 1 70194 1800 37500 1 1 0
1 40806 1850 62500 1 1 0 0 70194 1800 -1 -1 -1 0
0 40806 1850 -1 -1 -1 0 1 70194 1800 43750 1 -1 0
1 40806 1850 68750 1 1 0 0 70194 1800 -1 -1 -1 0
0 40806 1850 -1 -1 -1 0 1 70194 1800 40625 1 1 0
1 40806 1850 71875 1 -1 0 0 70194 1800 -1 -1 -1 0
0 40806 1850 -1 -1 -1 0 1 70194 1800 42187 1 -1 0
1 40806 1850 70312 1 -1 0 0 70194 1800 -1 -1 -1 0
0 40806 1850 -1 -1 -1 0 1 70194 1800 41406 1 -1 0
1 40806 1850 69531 1 1 0 0 70194 1800 -1 -1 -1 0
0 40806 1850 -1 -1 -1 0 1 70194 1800 41015 1 -1 0
1 40806 1850 69921 1 1 0 0 70194 1800 -1 -1 -1 0
0 40806 1850 -1 -1 -1 0 1 70194 1800 40820 1 -1 0
1 40806 1850 70116 1 1 0 0 70194 1800 -1 -1 -1 0
0 40806 1850 -1 -1 -1 0 1 70194 1800 40722 1 1 0
1 40806 1850 70214 1 -1 0 0 70194 1800 -1 -1 -1 0
0 40806 1850 -1 -1 -1 0 1 70194 1800 40771 1 1 0
1 40806 1850 70165 1 1 0 0 70194 1800 -1 -1 -1 0
0 40806 1850 -1 -1 -1 0 1 70194 1800 40795 1 1 0
1 40806 1850 70189 1 1 0 0 70194 1800 -1 -1 -1 0
0 40806 1850 -1 -1 -1 0 1 70194 1800 40807 1 -1 0
1 40806 1850 70201 1 -1 0 0 70194 1800 -1 -1 -1 0
0 40806 1850 -1 -1 -1 0 1 70194 1800 40801 1 1 0
1 40806 1850 70195 1 -1 0 0 70194 1800 -1 -1 -1 0
0 40806 1850 -1 -1 -1 0 1 70194 1800 40804 1 1 0
1 40806 1850 70192 1 1 0 0 70194 1800 -1 -1 -1 0
0 40806 1850 -1 -1 -1 0 1 70194 1800 40805 1 1 0
1 40806 1850 70193 1 1 0 0 70194 1800 -1 -1 -1 0
0 40806 1850 -1 -1 -1 0 1 70194 1900 40806 1 0 0
1 28251 1950 70194 1 0 0 0 70194 1900 -1 -1 -1 0
0 28251 1950 -1 -1 -1 0 1 22975 1900 50000 1 -1 0
1 28251 1950 50000 1 -1 0 0 22975 1900 -1 -1 -1 0
0 28251 1950 -1 -1 -1 0 1 22975 1900 25000 1 1 0
1 28251 1950 25000 1 -1 0 0 22975 1900 -1 -1 -1 0
0 28251 1950 -1 -1 -1 0 1 22975 1900 37500 1 -1 0
1 28251 1950 12500 1 1 0 0 22975 1900 -1 -1 -1 0
0 28251 1950 -1 -1 -1 0 1 22975 1900 31250 1 -1 0
1 28251 1950 18750 1 1 0 0 22975 1900 -1 -1 -1 0
0 28251 1950 -1 -1 -1 0 1 22975 1900 28125 1 1 0
1 28251 1950 21875 1 1 0 0 22975 1900 -1 -1 -1 0
0 28251 1950 -1 -1 -1 0 1 22975 1900 29687 1 -1 0
1 28251 1950 23437 1 -1 0 0 22975 1900 -1 -1 -1 0
0 28251 1950 -1 -1 -1 0 1 22975 1900 28906 1 -1 0
1 28251 1950 22656 1 1 0 0 22975 1900 -1 -1 -1 0
0 28251 1950 -1 -1 -1 0 1 22975 1900 28515 1 -1 0
1 28251 1950 23046 1 -1 0 0 22975 1900 -1 -1 -1 0
0 28251 1950 -1 -1 -1 0 1 22975 1900 28320 1 -1 0
1 28251 1950 22851 1 1 0 0 22975 1900 -1 -1 -1 0
0 28251 1950 -1 -1 -1 0 1 22975 1900 28222 1 1 0
1 28251 1950 22948 1 1 0 0 22975 1900 -1 -1 -1 0
0 28251 1950 -1 -1 -1 0 1 22975 1900 28271 1 -1 0
1 28251 1950 22997 1 -1 0 0 22975 1900 -1 -1 -1 0
0 28251 1950 -1 -1 -1 0 1 22975 1900 28246 1 1 0
1 28251 1950 22972 1 1 0 0 22975 1900 -1 -1 -1 0
0 28251 1950 -1 -1 -1 0 1 22975 1900 28258 1 -1 0
1 28251 1950 22984 1 -1 0 0 22975 1900 -1 -1 -1 0
0 28251 1950 -1 -1 -1 0 1 22975 1900 28252 1 -1 0
1 28251 1950 22978 1 -1 0 0 22975 1900 -1 -1 -1 0
0 28251 1950 -1 -1 -1 0 1 22975 1900 28249 1 1 0
1 28251 2050 22975 1 0 0 0 22975 1900 -1 -1 -1 0
0 28251 2050 -1 -1 -1 0 1 62159 1900 28250 1 1 0
1 28251 2050 50000 1 1 0 0 62159 1900 -1 -1 -1 0
0 28251 2050 -1 -1 -1 0 1 62159 2000 28251 1 0 0
1 33289 2050 75000 1 -1 0 0 62159 2000 -1 -1 -1 0
0 33289 2050 -1 -1 -1 0 1 62159 2000 50000 1 -1 0
1 33289 2050 62500 1 -1 0 0 62159 2000 -1 -1 -1 0
0 33289 2050 -1 -1 -1 0 1 62159 2000 25000 1 1 0
1 33289 2050 56250 1 1 0 0 62159 2000 -1 -1 -1 0
0 33289 2050 -1 -1 -1 0 1 62159 2000 37500 1 -1 0
1 33289 2050 59375 1 1 0 0 62159 2000 -1 -1 -1 0
0 33289 2050 -1 -1 -1 0 1 62159 2000 31250 1 1 0
1 33289 2050 60937 1 1 0 0 62159 2000 -1 -1 -1 0
0 33289 2050 -1 -1 -1 0 1 62159 2000 34375 1 -1 0
1 33289 2050 61718 1 1 0 0 62159 2000 -1 -1 -1 0
0 33289 2050 -1 -1 -1 0 1 62159 2000 32812 1 1 0
1 33289 2050 62109 1 1 0 0 62159 2000 -1 -1 -1 0
0 33289 2050 -1 -1 -1 0 1 62159 2000 33593 1 -1 0
1 33289 2050 62304 1 -1 0 0 62159 2000 -1 -1 -1 0
0 33289 2050 -1 -1 -1 0 1 62159 2000 33202 1 1 0
1 33289 2050 62206 1 -1 0 0 62159 2000 -1 -1 -1 0
0 33289 2050 -1 -1 -1 0 1 62159 2000 33397 1 -1 0
1 33289 2050 62157 1 1 0 0 62159 2000 -1 -1 -1 0
0 33289 2050 -1 -1 -1 0 1 62159 2000 33299 1 -1 0
1 33289 2050 62181 1 -1 0 0 62159 2000 -1 -1 -1 0
0 33289 2050 -1 -1 -1 0 1 62159 2000 33250 1 1 0
1 33289 2050 62169 1 -1 0 0 62159 2000 -1 -1 -1 0
0 33289 2050 -1 -1 -1 0 1 62159 2000 33274 1 1 0
1 33289 2050 62163 1 -1 0 0 62159 2000 -1 -1 -1 0
0 33289 2050 -1 -1 -1 0 1 62159 2000 33286 1 1 0
1 33289 2050 62160 1 -1 0 0 62159 2000 -1 -1 -1 0
0 33289 2050 -1 -1 -1 0 1 62159 2000 33292 1 -1 0
1 33289 2050 62158 1 1 0 0 62159 2000 -1 -1 -1 0
0 33289 2050 -1 -1 -1 0 1 62159 2100 33289 1 0 0
1 28032 2150 62159 1 0 0 0 62159 2100 -1 -1 -1 0
0 28032 2150 -1 -1 -1 0 1 63371 2100 50000 1 -1 0
1 28032 2150 50000 1 1 0 0 63371 2100 -1 -1 -1 0
0 28032 2150 -1 -1 -1 0 1 63371 2100 25000 1 1 0
1 28032 2150 75000 1 -1 0 0 63371 2100 -1 -1 -1 0
0 28032 2150 -1 -1 -1 0 1 63371 2100 37500 1 -1 0
1 28032 2150 62500 1 1 0 0 63371 2100 -1 -1 -1 0
0 28032 2150 -1 -1 -1 0 1 63371 2100 31250 1 -1 0
1 28032 2150 68750 1 -1 0 0 63371 2100 -1 -1 -1 0
0 28032 2150 -1 -1 -1 0 1 63371 2100 28125 1 -1 0
1 28032 2150 65625 1 -1 0 0 63371 2100 -1 -1 -1 0
0 28032 2150 -1 -1 -1 0 1 63371 2100 26562 1 1 0
1 28032 2150 64062 1 -1 0 0 63371 2100 -1 -1 -1 0
0 28032 2150 -1 -1 -1 0 1 63371 2100 27343 1 1 0
1 28032 2150 63281 1 1 0 0 63371 2100 -1 -1 -1 0
0 28032 2150 -1 -1 -1 0 1 63371 2100 27734 1 1 0
1 28032 2150 63671 1 -1 0 0 63371 2100 -1 -1 -1 0
0 28032 2150 -1 -1 -1 0 1 63371 2100 27929 1 1 0
1 28032 2150 63476 1 -1 0 0 63371 2100 -1 -1 -1 0
0 28032 2150 -1 -1 -1 0 1 63371 2100 28027 1 1 0
1 28032 2150 63378 1 -1 0 0 63371 2100 -1 -1 -1 0
0 28032 2150 -1 -1 -1 0 1 63371 2100 28076 1 -1 0
1 28032 2150 63329 1 1 0 0 63371 2100 -1 -1 -1 0
0 28032 2150 -1 -1 -1 0 1 63371 2100 28051 1 -1 0
1 28032 2150 63353 1 1 0 0 63371 2100 -1 -1 -1 0
0 28032 2150 -1 -1 -1 0 1 63371 2100 28039 1 -1 0
1 28032 2150 63365 1 1 0 0 63371 2100 -1 -1 -1 0
0 28032 2150 -1 -1 -1 0 1 63371 2100 28033 1 -1 0
1 28032 2250 63371 1 0 0 0 63371 2100 -1 -1 -1 0
0 28032 2250 -1 -1 -1 0 1 10234 2100 28030 1 1 0
1 28032 2250 50000 1 -1 0 0 10234 2100 -1 -1 -1 0
0 28032 2250 -1 -1 -1 0 1 10234 2100 28031 1 1 0
1 28032 2250 25000 1 -1 0 0 10234 2100 -1 -1 -1 0
0 28032 2250 -1 -1 -1 0 1 10234 2200 28032 1 0 0
1 22800 2250 12500 1 -1 0 0 10234 2200 -1 -1 -1 0
0 22800 2250 -1 -1 -1 0 1 10234 2200 50000 1 -1 0
1 22800 2250 6250 1 1 0 0 10234 2200 -1 -1 -1 0
0 22800 2250 -1 -1 -1 0 1 10234 2200 25000 1 -1 0
1 22800 2250 9375 1 1 0 0 10234 2200 -1 -1 -1 0
0 22800 2250 -1 -1 -1 0 1 10234 2200 12500 1 1 0
1 22800 2250 10937 1 -1 0 0 10234 2200 -1 -1 -1 0
0 22800 2250 -1 -1 -1 0 1 10234 2200 18750 1 1 0
1 22800 2250 10156 1 1 0 0 10234 2200 -1 -1 -1 0
0 22800 2250 -1 -1 -1 0 1 10234 2200 21875 1 1 0
1 22800 2250 10546 1 -1 0 0 10234 2200 -1 -1 -1 0
0 22800 2250 -1 -1 -1 0 1 10234 2200 23437 1 -1 0
1 22800 2250 10351 1 -1 0 0 10234 2200 -1 -1 -1 0
0 22800 2250 -1 -1 -1 0 1 10234 2200 22656 1 1 0
1 22800 2250 10253 1 -1 0 0 10234 2200 -1 -1 -1 0
0 22800 2250 -1 -1 -1 0 1 10234 2200 23046 1 -1 0
1 22800 2250 10204 1 1 0 0 10234 2200 -1 -1 -1 0
0 22800 2250 -1 -1 -1 0 1 10234 2200 22851 1 -1 0
1 22800 2250 10228 1 1 0 0 10234 2200 -1 -1 -1 0
0 22800 2250 -1 -1 -1 0 1 10234 2200 22753 1 1 0
1 22800 2250 10240 1 -1 0 0 10234 2200 -1 -1 -1 0
0 22800 2250 -1 -1 -1 0 1 10234 2200 22802 1 -1 0
1 22800 2350 10234 1 0 0 0 10234 2200 -1 -1 -1 0
0 22800 2350 -1 -1 -1 0 1 390 2200 22777 1 1 0
1 22800 2350 50000 1 -1 0 0 390 2200 -1 -1 -1 0
0 22800 2350 -1 -1 -1 0 1 390 2200 22789 1 1 0
1 22800 2350 25000 1 -1 0 0 390 2200 -1 -1 -1 0
0 22800 2350 -1 -1 -1 0 1 390 2200 22795 1 1 0
1 22800 2350 12500 1 -1 0 0 390 2200 -1 -1 -1 0
0 22800 2350 -1 -1 -1 0 1 390 2200 22798 1 1 0
1 22800 2350 6250 1 -1 0 0 390 2200 -1 -1 -1 0
0 22800 2350 -1 -1 -1 0 1 390 2300 22800 1 0 0
1 5371 2350 3125 1 -1 0 0 390 2300 -1 -1 -1 0
0 5371 2350 -1 -1 -1 0 1 390 2300 50000 1 -1 0
1 5371 2350 1563 1 -1 0 0 390 2300 -1 -1 -1 0
0 5371 2350 -1 -1 -1 0 1 390 2300 25000 1 -1 0
1 5371 2350 782 1 -1 0 0 390 2300 -1 -1 -1 0
0 5371 2350 -1 -1 -1 0 1 390 2300 12500 1 -1 0
1 5371 2350 391 1 -1 0 0 390 2300 -1 -1 -1 0
0 5371 2350 -1 -1 -1 0 1 390 2300 6250 1 -1 0
1 5371 2350 196 1 1 0 0 390 2300 -1 -1 -1 0
0 5371 2350 -1 -1 -1 0 1 390 2300 3125 1 1 0
1 5371 2350 293 1 1 0 0 390 2300 -1 -1 -1 0
0 5371 2350 -1 -1 -1 0 1 390 2300 4687 1 1 0
1 5371 2350 342 1 1 0 0 390 2300 -1 -1 -1 0
0 5371 2350 -1 -1 -1 0 1 390 2300 5468 1 -1 0
1 5371 2350 366 1 1 0 0 390 2300 -1 -1 -1 0
0 5371 2350 -1 -1 -1 0 1 390 2300 5077 1 1 0
1 5371 2350 378 1 1 0 0 390 2300 -1 -1 -1 0
0 5371 2350 -1 -1 -1 0 1 390 2300 5272 1 1 0
1 5371 2350 384 1 1 0 0 390 2300 -1 -1 -1 0
0 5371 2350 -1 -1 -1 0 1 390 2300 5370 1 1 0
1 5371 2350 387 1 1 0 0 390 2300 -1 -1 -1 0
0 5371 2350 -1 -1 -1 0 1 390 2300 5419 1 -1 0
1 5371 2350 389 1 1 0 0 390 2300 -1 -1 -1 0
0 5371 2350 -1 -1 -1 0 1 390 2300 5394 1 -1 0
1 5371 2450 390 1 0 0 0 390 2300 -1 -1 -1 0
0 5371 2450 -1 -1 -1 0 1 99714 2300 5382 1 -1 0
1 5371 2450 50000 1 1 0 0 99714 2300 -1 -1 -1 0
0 5371 2450 -1 -1 -1 0 1 99714 2300 5376 1 -1 0
1 5371 2450 75000 1 1 0 0 99714 2300 -1 -1 -1 0
0 5371 2450 -1 -1 -1 0 1 99714 2300 5373 1 -1 0
1 5371 2450 87500 1 1 0 0 99714 2300 -1 -1 -1 0
0 5371 2450 -1 -1 -1 0 1 99714 2400 5371 1 0 0
1 15581 2450 93750 1 1 0 0 99714 2400 -1 -1 -1 0
0 15581 2450 -1 -1 -1 0 1 99714 2400 50000 1 -1 0
1 15581 2450 96875 1 1 0 0 99714 2400 -1 -1 -1 0
0 15581 2450 -1 -1 -1 0 1 99714 2400 25000 1 -1 0
1 15581 2450 98437 1 1 0 0 99714 2400 -1 -1 -1 0
0 15581 2450 -1 -1 -1 0 1 99714 2400 12500 1 1 0
1 15581 2450 99218 1 1 0 0 99714 2400 -1 -1 -1 0
0 15581 2450 -1 -1 -1 0 1 99714 2400 18750 1 -1 0
1 15581 2450 99609 1 1 0 0 99714 2400 -1 -1 -1 0
0 15581 2450 -1 -1 -1 0 1 99714 2400 15625 1 -1 0
1 15581 2450 99804 1 -1 0 0 99714 2400 -1 -1 -1 0
0 15581 2450 -1 -1 -1 0 1 99714 2400 14062 1 1 0
1 15581 2450 99706 1 1 0 0 99714 2400 -1 -1 -1 0
0 15581 2450 -1 -1 -1 0 1 99714 2400 14843 1 1 0
1 15581 2450 99755 1 -1 0 0 99714 2400 -1 -1 -1 0
0 15581 2450 -1 -1 -1 0 1 99714 2400 15234 1 1 0
1 15581 2450 99730 1 -1 0 0 99714 2400 -1 -1 -1 0
0 15581 2450 -1 -1 -1 0 1 99714 2400 15429 1 1 0
1 15581 2450 99718 1 -1 0 0 99714 2400 -1 -1 -1 0
0 15581 2450 -1 -1 -1 0 1 99714 2400 15527 1 1 0
1 15581 2450 99712 1 1 0 0 99714 2400 -1 -1 -1 0
0 15581 2450 -1 -1 -1 0 1 99714 2400 15576 1 1 0
1 15581 2450 99715 1 -1 0 0 99714 2400 -1 -1 -1 0
0 15581 2450 -1 -1 -1 0 1 99714 2400 15600 1 -1 0
1 15581 2450 99713 1 1 0 0 99714 2400 -1 -1 -1 0
0 15581 2450 -1 -1 -1 0 1 99714 2400 15588 1 -1 0
1 15581 2550 99714 1 0 0 0 99714 2400 -1 -1 -1 0
0 15581 2550 -1 -1 -1 0 1 55814 2400 15582 1 -1 0
1 15581 2550 50000 1 1 0 0 55814 2400 -1 -1 -1 0
0 15581 2550 -1 -1 -1 0 1 55814 2400 15579 1 1 0
1 15581 2550 75000 1 -1 0 0 55814 2400 -1 -1 -1 0
0 15581 2550 -1 -1 -1 0 1 55814 2400 15580 1 1 0
1 15581 2550 62500 1 -1 0 0 55814 2400 -1 -1 -1 0
0 15581 2550 -1 -1 -1 0 1 55814 2500 15581 1 0 0
1 21930 2550 56250 1 -1 0 0 55814 2500 -1 -1 -1 0
0 21930 2550 -1 -1 -1 0 1 55814 2500 50000 1 -1 0
1 21930 2550 53125 1 1 0 0 55814 2500 -1 -1 -1 0
0 21930 2550 -1 -1 -1 0 1 55814 2500 25000 1 -1 0
1 21930 2550 54687 1 1 0 0 55814 2500 -1 -1 -1 0
0 21930 2550 -1 -1 -1 0 1 55814 2500 12500 1 1 0
1 21930 2550 55468 1 1 0 0 55814 2500 -1 -1 -1 0
0 21930 2550 -1 -1 -1 0 1 55814 2500 18750 1 1 0
1 21930 2550 55859 1 -1 0 0 55814 2500 -1 -1 -1 0
0 21930 2550 -1 -1 -1 0 1 55814 2500 21875 1 1 0
1 21930 2550 55663 1 1 0 0 55814 2500 -1 -1 -1 0
0 21930 2550 -1 -1 -1 0 1 55814 2500 23437 1 -1 0
1 21930 2550 55761 1 1 0 0 55814 2500 -1 -1 -1 0
0 21930 2550 -1 -1 -1 0 1 55814 2500 22656 1 -1 0
1 21930 2550 55810 1 1 0 0 55814 2500 -1 -1 -1 0
0 21930 2550 -1 -1 -1 0 1 55814 2500 22265 1 -1 0
1 21930 2550 55834 1 -1 0 0 55814 2500 -1 -1 -1 0
0 21930 2550 -1 -1 -1 0 1 55814 2500 22070 1 -1 0
1 21930 2550 55822 1 -1 0 0 55814 2500 -1 -1 -1 0
0 21930 2550 -1 -1 -1 0 1 55814 2500 21972 1 -1 0
1 21930 2550 55816 1 -1 0 0 55814 2500 -1 -1 -1 0
0 21930 2550 -1 -1 -1 0 1 55814 2500 21923 1 1 0
1 21930 2550 55813 1 1 0 0 55814 2500 -1 -1 -1 0
0 21930 2550 -1 -1 -1 0 1 55814 2500 21947 1 -1 0
1 21930 2650 55814 1 0 0 0 55814 2500 -1 -1 -1 0
0 21930 2650 -1 -1 -1 0 1 50143 2500 21935 1 -1 0
1 21930 2650 50000 1 1 0 0 50143 2500 -1 -1 -1 0
0 21930 2650 -1 -1 -1 0 1 50143 2500 21929 1 1 0
1 21930 2650 75000 1 -1 0 0 50143 2500 -1 -1 -1 0
0 21930 2650 -1 -1 -1 0 1 50143 2500 21932 1 -1 0
1 21930 2650 62500 1 -1 0 0 50143 2500 -1 -1 -1 0
0 21930 2650 -1 -1 -1 0 1 50143 2600 21930 1 0 0
1 14794 2650 56250 1 -1 0 0 50143 2600 -1 -1 -1 0
0 14794 2650 -1 -1 -1 0 1 50143 2600 50000 1 -1 0
1 14794 2650 53125 1 -1 0 0 50143 2600 -1 -1 -1 0
0 14794 2650 -1 -1 -1 0 1 50143 2600 25000 1 -1 0
1 14794 2650 51562 1 -1 0 0 50143 2600 -1 -1 -1 0
0 14794 2650 -1 -1 -1 0 1 50143 2600 12500 1 1 0
1 14794 2650 50781 1 -1 0 0 50143 2600 -1 -1 -1 0
0 14794 2650 -1 -1 -1 0 1 50143 2600 18750 1 -1 0
1 14794 2650 50390 1 -1 0 0 50143 2600 -1 -1 -1 0
0 14794 2650 -1 -1 -1 0 1 50143 2600 15625 1 -1 0
1 14794 2650 50195 1 -1 0 0 50143 2600 -1 -1 -1 0
0 14794 2650 -1 -1 -1 0 1 50143 2600 14062 1 1 0
1 14794 2650 50097 1 1 0 0 50143 2600 -1 -1 -1 0
0 14794 2650 -1 -1 -1 0 1 50143 2600 14843 1 -1 0
1 14794 2650 50146 1 -1 0 0 50143 2600 -1 -1 -1 0
0 14794 2650 -1 -1 -1 0 1 50143 2600 14452 1 1 0
1 14794 2650 50121 1 1 0 0 50143 2600 -1 -1 -1 0
0 14794 2650 -1 -1 -1 0 1 50143 2600 14647 1 1 0
1 14794 2650 50133 1 1 0 0 50143 2600 -1 -1 -1 0
0 14794 2650 -1 -1 -1 0 1 50143 2600 14745 1 1 0
1 14794 2650 50139 1 1 0 0 50143 2600 -1 -1 -1 0
0 14794 2650 -1 -1 -1 0 1 50143 2700 14794 1 0 0
1 13173 2650 50142 1 1 0 0 50143 2700 -1 -1 -1 0
0 13173 2650 -1 -1 -1 0 1 50143 2700 50000 1 -1 0
1 13173 2650 50144 1 -1 0 0 50143 2700 -1 -1 -1 0
0 13173 2650 -1 -1 -1 0 1 50143 2700 25000 1 -1 0
1 13173 2750 50143 1 0 0 0 50143 2700 -1 -1 -1 0
0 13173 2750 -1 -1 -1 0 1 95457 2700 12500 1 1 0
1 13173 2750 50000 1 1 0 0 95457 2700 -1 -1 -1 0
0 13173 2750 -1 -1 -1 0 1 95457 2700 18750 1 -1 0
1 13173 2750 75000 1 1 0 0 95457 2700 -1 -1 -1 0
0 13173 2750 -1 -1 -1 0 1 95457 2700 15625 1 -1 0
1 13173 2750 87500 1 1 0 0 95457 2700 -1 -1 -1 0
0 13173 2750 -1 -1 -1 0 1 95457 2700 14062 1 -1 0
1 13173 2750 93750 1 1 0 0 95457 2700 -1 -1 -1 0
0 13173 2750 -1 -1 -1 0 1 95457 2700 13281 1 -1 0
1 13173 2750 96875 1 -1 0 0 95457 2700 -1 -1 -1 0
0 13173 2750 -1 -1 -1 0 1 95457 2700 12890 1 1 0
1 13173 2750 95312 1 1 0 0 95457 2700 -1 -1 -1 0
0 13173 2750 -1 -1 -1 0 1 95457 2700 13085 1 1 0
1 13173 2750 96093 1 -1 0 0 95457 2700 -1 -1 -1 0
0 13173 2750 -1 -1 -1 0 1 95457 2700 13183 1 -1 0
1 13173 2750 95702 1 -1 0 0 95457 2700 -1 -1 -1 0
0 13173 2750 -1 -1 -1 0 1 95457 2700 13134 1 1 0
1 13173 2750 95507 1 -1 0 0 95457 2700 -1 -1 -1 0
0 13173 2750 -1 -1 -1 0 1 95457 2700 13158 1 1 0
1 13173 2750 95409 1 1 0 0 95457 2700 -1 -1 -1 0
0 13173 2750 -1 -1 -1 0 1 95457 2700 13170 1 1 0
1 13173 2750 95458 1 -1 0 0 95457 2700 -1 -1 -1 0
0 13173 2750 -1 -1 -1 0 1 95457 2700 13176 1 -1 0
1 13173 2750 95433 1 1 0 0 95457 2700 -1 -1 -1 0
0 13173 2750 -1 -1 -1 0 1 95457 2800 13173 1 0 0
1 15059 2750 95445 1 1 0 0 95457 2800 -1 -1 -1 0
0 15059 2750 -1 -1 -1 0 1 95457 2800 50000 1 -1 0
1 15059 2750 95451 1 1 0 0 95457 2800 -1 -1 -1 0
0 15059 2750 -1 -1 -1 0 1 95457 2800 25000 1 -1 0
1 15059 2750 95454 1 1 0 0 95457 2800 -1 -1 -1 0
0 15059 2750 -1 -1 -1 0 1 95457 2800 12500 1 1 0
1 15059 2750 95456 1 1 0 0 95457 2800 -1 -1 -1 0
0 15059 2750 -1 -1 -1 0 1 95457 2800 18750 1 -1 0
1 15059 2850 95457 1 0 0 0 95457 2800 -1 -1 -1 0
0 15059 2850 -1 -1 -1 0 1 47490 2800 15625 1 -1 0
1 15059 2850 50000 1 -1 0 0 47490 2800 -1 -1 -1 0
0 15059 2850 -1 -1 -1 0 1 47490 2800 14062 1 1 0
1 15059 2850 25000 1 1 0 0 47490 2800 -1 -1 -1 0
0 15059 2850 -1 -1 -1 0 1 47490 2800 14843 1 1 0
1 15059 2850 37500 1 1 0 0 47490 2800 -1 -1 -1 0
0 15059 2850 -1 -1 -1 0 1 47490 2800 15234 1 -1 0
1 15059 2850 43750 1 1 0 0 47490 2800 -1 -1 -1 0
0 15059 2850 -1 -1 -1 0 1 47490 2800 15038 1 1 0
1 15059 2850 46875 1 1 0 0 47490 2800 -1 -1 -1 0
0 15059 2850 -1 -1 -1 0 1 47490 2800 15136 1 -1 0
1 15059 2850 48437 1 -1 0 0 47490 2800 -1 -1 -1 0
0 15059 2850 -1 -1 -1 0 1 47490 2800 15087 1 -1 0
1 15059 2850 47656 1 -1 0 0 47490 2800 -1 -1 -1 0
0 15059 2850 -1 -1 -1 0 1 47490 2800 15062 1 -1 0
1 15059 2850 47265 1 1 0 0 47490 2800 -1 -1 -1 0
0 15059 2850 -1 -1 -1 0 1 47490 2800 15050 1 1 0
1 15059 2850 47460 1 1 0 0 47490 2800 -1 -1 -1 0
0 15059 2850 -1 -1 -1 0 1 47490 2800 15056 1 1 0
1 15059 2850 47558 1 -1 0 0 47490 2800 -1 -1 -1 0
0 15059 2850 -1 -1 -1 0 1 47490 2900 15059 1 0 0
1 44943 2850 47509 1 -1 0 0 47490 2900 -1 -1 -1 0
0 44943 2850 -1 -1 -1 0 1 47490 2900 50000 1 -1 0
1 44943 2850 47484 1 1 0 0 47490 2900 -1 -1 -1 0
0 44943 2850 -1 -1 -1 0 1 47490 2900 25000 1 1 0
1 44943 2850 47496 1 -1 0 0 47490 2900 -1 -1 -1 0
0 44943 2850 -1 -1 -1 0 1 47490 2900 37500 1 1 0
1 44943 2950 47490 1 0 0 0 47490 2900 -1 -1 -1 0
0 44943 2950 -1 -1 -1 0 1 37451 2900 43750 1 1 0
1 44943 2950 50000 1 -1 0 0 37451 2900 -1 -1 -1 0
0 44943 2950 -1 -1 -1 0 1 37451 2900 46875 1 -1 0
1 44943 2950 25000 1 1 0 0 37451 2900 -1 -1 -1 0
0 44943 2950 -1 -1 -1 0 1 37451 2900 45312 1 -1 0
1 44943 2950 37500 1 -1 0 0 37451 2900 -1 -1 -1 0
0 44943 2950 -1 -1 -1 0 1 37451 2900 44531 1 1 0
1 44943 2950 31250 1 1 0 0 37451 2900 -1 -1 -1 0
0 44943 2950 -1 -1 -1 0 1 37451 2900 44921 1 1 0
1 44943 2950 34375 1 1 0 0 37451 2900 -1 -1 -1 0
0 44943 2950 -1 -1 -1 0 1 37451 2900 45116 1 -1 0
1 44943 2950 35937 1 1 0 0 37451 2900 -1 -1 -1 0
0 44943 2950 -1 -1 -1 0 1 37451 2900 45018 1 -1 0
1 44943 2950 36718 1 1 0 0 37451 2900 -1 -1 -1 0
0 44943 2950 -1 -1 -1 0 1 37451 2900 44969 1 -1 0
1 44943 2950 37109 1 1 0 0 37451 2900 -1 -1 -1 0
0 44943 2950 -1 -1 -1 0 1 37451 2900 44945 1 -1 0
1 44943 2950 37304 1 1 0 0 37451 2900 -1 -1 -1 0
0 44943 2950 -1 -1 -1 0 1 37451 2900 44933 1 1 0
1 44943 2950 37402 1 1 0 0 37451 2900 -1 -1 -1 0
0 44943 2950 -1 -1 -1 0 1 37451 2900 44939 1 1 0
1 44943 3050 37451 1 0 0 0 37451 2900 -1 -1 -1 0
0 44943 3050 -1 -1 -1 0 1 87958 2900 44942 1 1 0
1 44943 3050 50000 1 1 0 0 87958 2900 -1 -1 -1 0
0 44943 3050 -1 -1 -1 0 1 87958 3000 44943 1 0 0
1 45009 3050 75000 1 1 0 0 87958 3000 -1 -1 -1 0
0 45009 3050 -1 -1 -1 0 1 87958 3000 50000 1 -1 0
1 45009 3050 87500 1 1 0 0 87958 3000 -1 -1 -1 0
0 45009 3050 -1 -1 -1 0 1 87958 3000 25000 1 1 0
1 45009 3050 93750 1 -1 0 0 87958 3000 -1 -1 -1 0
0 45009 3050 -1 -1 -1 0 1 87958 3000 37500 1 1 0
1 45009 3050 90625 1 -1 0 0 87958 3000 -1 -1 -1 0
0 45009 3050 -1 -1 -1 0 1 87958 3000 43750 1 1 0
1 45009 3050 89062 1 -1 0 0 87958 3000 -1 -1 -1 0
0 45009 3050 -1 -1 -1 0 1 87958 3000 46875 1 -1 0
1 45009 3050 88281 1 -1 0 0 87958 3000 -1 -1 -1 0
0 45009 3050 -1 -1 -1 0 1 87958 3000 45312 1 -1 0
1 45009 3050 87890 1 1 0 0 87958 3000 -1 -1 -1 0
0 45009 3050 -1 -1 -1 0 1 87958 3000 44531 1 1 0
1 45009 3050 88085 1 -1 0 0 87958 3000 -1 -1 -1 0
0 45009 3050 -1 -1 -1 0 1 87958 3000 44921 1 1 0
1 45009 3050 87987 1 -1 0 0 87958 3000 -1 -1 -1 0
0 45009 3050 -1 -1 -1 0 1 87958 3000 45116 1 -1 0
1 45009 3050 87938 1 1 0 0 87958 3000 -1 -1 -1 0
0 45009 3050 -1 -1 -1 0 1 87958 3000 45018 1 -1 0
1 45009 3050 87962 1 -1 0 0 87958 3000 -1 -1 -1 0
0 45009 3050 -1 -1 -1 0 1 87958 3000 44969 1 1 0
1 45009 3050 87950 1 1 0 0 87958 3000 -1 -1 -1 0
0 45009 3050 -1 -1 -1 0 1 87958 3000 44993 1 1 0
1 45009 3050 87956 1 1 0 0 87958 3000 -1 -1 -1 0
0 45009 3050 -1 -1 -1 0 1 87958 3000 45005 1 1 0
1 45009 3050 87959 1 -1 0 0 87958 3000 -1 -1 -1 0
0 45009 3050 -1 -1 -1 0 1 87958 3000 45011 1 -1 0
1 45009 3050 87957 1 1 0 0 87958 3000 -1 -1 -1 0
0 45009 3050 -1 -1 -1 0 1 87958 3000 45008 1 1 0
1 45009 3150 87958 1 0 0 0 87958 3000 -1 -1 -1 0
0 45009 3150 -1 -1 -1 0 1 30256 3100 45009 1 0 0
1 48056 3150 50000 1 -1 0 0 30256 3100 -1 -1 -1 0
0 48056 3150 -1 -1 -1 0 1 30256 3100 50000 1 -1 0
1 48056 3150 25000 1 1 0 0 30256 3100 -1 -1 -1 0
0 48056 3150 -1 -1 -1 0 1 30256 3100 25000 1 1 0
1 48056 3150 37500 1 -1 0 0 30256 3100 -1 -1 -1 0
0 48056 3150 -1 -1 -1 0 1 30256 3100 37500 1 1 0
1 48056 3150 31250 1 -1 0 0 30256 3100 -1 -1 -1 0
0 48056 3150 -1 -1 -1 0 1 30256 3100 43750 1 1 0
1 48056 3150 28125 1 1 0 0 30256 3100 -1 -1 -1 0
0 48056 3150 -1 -1 -1 0 1 30256 3100 46875 1 1 0
1 48056 3150 29687 1 1 0 0 30256 3100 -1 -1 -1 0
0 48056 3150 -1 -1 -1 0 1 30256 3100 48437 1 -1 0
1 48056 3150 30468 1 -1 0 0 30256 3100 -1 -1 -1 0
0 48056 3150 -1 -1 -1 0 1 30256 3100 47656 1 1 0
1 48056 3150 30077 1 1 0 0 30256 3100 -1 -1 -1 0
0 48056 3150 -1 -1 -1 0 1 30256 3100 48046 1 1 0
1 48056 3150 30272 1 -1 0 0 30256 3100 -1 -1 -1 0
0 48056 3150 -1 -1 -1 0 1 30256 3100 48241 1 -1 0
1 48056 3150 30174 1 1 0 0 30256 3100 -1 -1 -1 0
0 48056 3150 -1 -1 -1 0 1 30256 3100 48143 1 -1 0
1 48056 3150 30223 1 1 0 0 30256 3100 -1 -1 -1 0
0 48056 3150 -1 -1 -1 0 1 30256 3100 48094 1 -1 0
1 48056 3150 30247 1 1 0 0 30256 3100 -1 -1 -1 0
0 48056 3150 -1 -1 -1 0 1 30256 3100 48070 1 -1 0
1 48056 3150 30259 1 -1 0 0 30256 3100 -1 -1 -1 0
0 48056 3150 -1 -1 -1 0 1 30256 3100 48058 1 -1 0
1 48056 3150 30253 1 1 0 0 30256 3100 -1 -1 -1 0
0 48056 3150 -1 -1 -1 0 1 30256 3100 48052 1 1 0
1 48056 3250 30256 1 0 0 0 30256 3100 -1 -1 -1 0
0 48056 3250 -1 -1 -1 0 1 99169 3100 48055 1 1 0
1 48056 3250 50000 1 1 0 0 99169 3100 -1 -1 -1 0
0 48056 3250 -1 -1 -1 0 1 99169 3200 48056 1 0 0
1 14955 3250 75000 1 1 0 0 99169 3200 -1 -1 -1 0
0 14955 3250 -1 -1 -1 0 1 99169 3200 50000 1 -1 0
1 14955 3250 87500 1 1 0 0 99169 3200 -1 -1 -1 0
0 14955 3250 -1 -1 -1 0 1 99169 3200 25000 1 -1 0
1 14955 3250 93750 1 1 0 0 99169 3200 -1 -1 -1 0
0 14955 3250 -1 -1 -1 0 1 99169 3200 12500 1 1 0
1 14955 3250 96875 1 1 0 0 99169 3200 -1 -1 -1 0
0 14955 3250 -1 -1 -1 0 1 99169 3200 18750 1 -1 0
1 14955 3250 98437 1 1 0 0 99169 3200 -1 -1 -1 0
0 14955 3250 -1 -1 -1 0 1 99169 3200 15625 1 -1 0
1 14955 3250 99218 1 -1 0 0 99169 3200 -1 -1 -1 0
0 14955 3250 -1 -1 -1 0 1 99169 3200 14062 1 1 0
1 14955 3250 98827 1 1 0 0 99169 3200 -1 -1 -1 0
0 14955 3250 -1 -1 -1 0 1 99169 3200 14843 1 1 0
1 15484 0 50000 3 1 0 0 54675 0 -1 -1 -1 0
0 15484 0 -1 -1 -1 0 1 54675 0 50000 3 -1 0
1 15484 0 75000 2 -1 0 0 54675 0 -1 -1 -1 0
0 15484 0 -1 -1 -1 0 1 54675 0 25000 2 -1 0
1 15484 0 62500 2 -1 0 0 54675 0 -1 -1 -1 0
0 15484 0 -1 -1 -1 0 1 54675 0 12500 2 1 0
1 15484 0 56250 2 -1 0 0 54675 0 -1 -1 -1 0
0 15484 0 -1 -1 -1 0 1 54675 0 18750 2 -1 0
1 15484 0 53125 2 1 0 0 54675 0 -1 -1 -1 0
0 15484 0 -1 -1 -1 0 1 54675 50 15625 2 0 0
1 32997 50 54687 2 0 0 0 54675 50 -1 -1 -1 0
0 32997 50 -1 -1 -1 0 1 82767 50 50000 2 -1 0
1 32997 50 50000 2 1 0 0 82767 50 -1 -1 -1 0
0 32997 50 -1 -1 -1 0 1 82767 50 25000 2 1 0
1 32997 50 75000 2 1 0 0 82767 50 -1 -1 -1 0
0 32997 50 -1 -1 -1 0 1 82767 50 37500 2 -1 0
1 32997 50 87500 2 -1 0 0 82767 50 -1 -1 -1 0
0 32997 50 -1 -1 -1 0 1 82767 50 31250 2 1 0
1 32997 50 81250 2 1 0 0 82767 50 -1 -1 -1 0
0 32997 50 -1 -1 -1 0 1 82767 50 34375 2 -1 0
1 32997 50 84375 2 -1 0 0 82767 50 -1 -1 -1 0
0 32997 50 -1 -1 -1 0 1 82767 100 32812 2 0 0
1 20012 50 82812 1 -1 0 0 82767 100 -1 -1 -1 0
0 20012 50 -1 -1 -1 0 1 82767 100 50000 1 -1 0
1 20012 50 82031 1 1 0 0 82767 100 -1 -1 -1 0
0 20012 50 -1 -1 -1 0 1 82767 100 25000 1 -1 0
1 20012 50 82421 1 1 0 0 82767 100 -1 -1 -1 0
0 20012 50 -1 -1 -1 0 1 82767 100 12500 1 1 0
1 20012 50 82616 1 1 0 0 82767 100 -1 -1 -1 0
0 20012 50 -1 -1 -1 0 1 82767 100 18750 1 1 0
1 20012 50 82714 1 1 0 0 82767 100 -1 -1 -1 0
0 20012 50 -1 -1 -1 0 1 82767 100 21875 1 -1 0
1 20012 50 82763 1 1 0 0 82767 100 -1 -1 -1 0
0 20012 50 -1 -1 -1 0 1 82767 100 20312 1 -1 0
1 20012 50 82787 1 -1 0 0 82767 100 -1 -1 -1 0
0 20012 50 -1 -1 -1 0 1 82767 100 19531 1 1 0
1 20012 50 82775 1 -1 0 0 82767 100 -1 -1 -1 0
0 20012 50 -1 -1 -1 0 1 82767 100 19921 1 1 0
1 20012 50 82769 1 -1 0 0 82767 100 -1 -1 -1 0
0 20012 50 -1 -1 -1 0 1 82767 100 20116 1 -1 0
1 20012 50 82766 1 1 0 0 82767 100 -1 -1 -1 0
0 20012 50 -1 -1 -1 0 1 82767 100 20018 1 -1 0
1 20012 150 82767 1 0 0 0 82767 100 -1 -1 -1 0
0 20012 150 -1 -1 -1 0 1 61718 100 19969 1 1 0
1 20012 150 50000 1 1 0 0 61718 100 -1 -1 -1 0
0 20012 150 -1 -1 -1 0 1 61718 100 19993 1 1 0
1 20012 150 75000 1 -1 0 0 61718 100 -1 -1 -1 0
0 20012 150 -1 -1 -1 0 1 61718 100 20005 1 1 0
1 20012 150 62500 1 -1 0 0 61718 100 -1 -1 -1 0
0 20012 150 -1 -1 -1 0 1 61718 100 20011 1 1 0
1 20012 150 56250 1 1 0 0 61718 100 -1 -1 -1 0
0 20012 150 -1 -1 -1 0 1 61718 100 20014 1 -1 0
1 20012 150 59375 1 1 0 0 61718 100 -1 -1 -1 0
0 20012 150 -1 -1 -1 0 1 61718 200 20012 1 0 0
1 20274 150 60937 1 1 0 0 61718 200 -1 -1 -1 0
0 20274 150 -1 -1 -1 0 1 61718 200 50000 1 -1 0
1 20274 250 61718 1 0 0 0 61718 200 -1 -1 -1 0
0 20274 250 -1 -1 -1 0 1 15143 200 25000 1 -1 0
1 20274 250 50000 1 -1 0 0 15143 200 -1 -1 -1 0
0 20274 250 -1 -1 -1 0 1 15143 200 12500 1 1 0
1 20274 250 25000 1 -1 0 0 15143 200 -1 -1 -1 0
0 20274 250 -1 -1 -1 0 1 15143 200 18750 1 1 0
1 20274 250 12500 1 1 0 0 15143 200 -1 -1 -1 0
0 20274 250 -1 -1 -1 0 1 15143 200 21875 1 -1 0
1 20274 250 18750 1 -1 0 0 15143 200 -1 -1 -1 0
0 20274 250 -1 -1 -1 0 1 15143 200 20312 1 -1 0
1 20274 250 15625 1 -1 0 0 15143 200 -1 -1 -1 0
0 20274 250 -1 -1 -1 0 1 15143 200 19531 1 1 0
1 20274 250 14062 1 1 0 0 15143 200 -1 -1 -1 0
0 20274 250 -1 -1 -1 0 1 15143 200 19921 1 1 0
1 20274 250 14843 1 1 0 0 15143 200 -1 -1 -1 0
0 20274 250 -1 -1 -1 0 1 15143 200 20116 1 1 0
1 20274 250 15234 1 -1 0 0 15143 200 -1 -1 -1 0
0 20274 250 -1 -1 -1 0 1 15143 200 20214 1 1 0
1 20274 250 15038 1 1 0 0 15143 200 -1 -1 -1 0
0 20274 250 -1 -1 -1 0 1 15143 200 20263 1 1 0
1 20274 250 15136 1 1 0 0 15143 200 -1 -1 -1 0
0 20274 250 -1 -1 -1 0 1 15143 200 20287 1 -1 0
1 20274 250 15185 1 -1 0 0 15143 200 -1 -1 -1 0
0 20274 250 -1 -1 -1 0 1 15143 200 20275 1 -1 0
1 20274 250 15160 1 -1 0 0 15143 200 -1 -1 -1 0
0 20274 250 -1 -1 -1 0 1 15143 200 20269 1 1 0
1 20274 250 15148 1 -1 0 0 15143 200 -1 -1 -1 0
0 20274 250 -1 -1 -1 0 1 15143 200 20272 1 1 0
1 20274 250 15142 1 1 0 0 15143 200 -1 -1 -1 0
0 20274 250 -1 -1 -1 0 1 15143 200 20273 1 1 0
1 20274 250 15145 1 -1 0 0 15143 200 -1 -1 -1 0
0 20274 250 -1 -1 -1 0 1 15143 300 20274 1 0 0
1 41382 350 15143 1 0 0 0 15143 300 -1 -1 -1 0
0 41382 350 -1 -1 -1 0 1 28261 300 50000 1 -1 0
1 41382 350 50000 1 -1 0 0 28261 300 -1 -1 -1 0
0 41382 350 -1 -1 -1 0 1 28261 300 25000 1 1 0
1 41382 350 25000 1 1 0 0 28261 300 -1 -1 -1 0
0 41382 350 -1 -1 -1 0 1 28261 300 37500 1 1 0
1 41382 350 37500 1 -1 0 0 28261 300 -1 -1 -1 0
0 41382 350 -1 -1 -1 0 1 28261 300 43750 1 -1 0
1 41382 350 31250 1 -1 0 0 28261 300 -1 -1 -1 0
0 41382 350 -1 -1 -1 0 1 28261 300 40625 1 1 0
1 41382 350 28125 1 1 0 0 28261 300 -1 -1 -1 0
0 41382 350 -1 -1 -1 0 1 28261 300 42187 1 -1 0
1 41382 350 29687 1 -1 0 0 28261 300 -1 -1 -1 0
0 41382 350 -1 -1 -1 0 1 28261 300 41406 1 -1 0
1 41382 350 28906 1 -1 0 0 28261 300 -1 -1 -1 0
0 41382 350 -1 -1 -1 0 1 28261 300 41015 1 1 0
1 41382 350 28515 1 -1 0 0 28261 300 -1 -1 -1 0
0 41382 350 -1 -1 -1 0 1 28261 300 41210 1 1 0
1 41382 350 28320 1 -1 0 0 28261 300 -1 -1 -1 0
0 41382 350 -1 -1 -1 0 1 28261 300 41308 1 1 0
1 41382 350 28222 1 1 0 0 28261 300 -1 -1 -1 0
0 41382 350 -1 -1 -1 0 1 28261 300 41357 1 1 0
1 41382 350 28271 1 -1 0 0 28261 300 -1 -1 -1 0
0 41382 350 -1 -1 -1 0 1 28261 300 41381 1 1 0
1 41382 350 28246 1 1 0 0 28261 300 -1 -1 -1 0
0 41382 350 -1 -1 -1 0 1 28261 300 41393 1 -1 0
1 41382 350 28258 1 1 0 0 28261 300 -1 -1 -1 0
0 41382 350 -1 -1 -1 0 1 28261 300 41387 1 -1 0
1 41382 350 28264 1 -1 0 0 28261 300 -1 -1 -1 0
0 41382 350 -1 -1 -1 0 1 28261 300 41384 1 -1 0
1 41382 450 28261 1 0 0 0 28261 300 -1 -1 -1 0
0 41382 450 -1 -1 -1 0 1 66550 400 41382 1 0 0
1 19859 450 50000 1 1 0 0 66550 400 -1 -1 -1 0
0 19859 450 -1 -1 -1 0 1 66550 400 50000 1 -1 0
1 19859 450 75000 1 -1 0 0 66550 400 -1 -1 -1 0
0 19859 450 -1 -1 -1 0 1 66550 400 25000 1 -1 0
1 19859 450 62500 1 1 0 0 66550 400 -1 -1 -1 0
0 19859 450 -1 -1 -1 0 1 66550 400 12500 1 1 0
1 19859 450 68750 1 -1 0 0 66550 400 -1 -1 -1 0
0 19859 450 -1 -1 -1 0 1 66550 400 18750 1 1 0
1 19859 450 65625 1 1 0 0 66550 400 -1 -1 -1 0
0 19859 450 -1 -1 -1 0 1 66550 400 21875 1 -1 0
1 19859 450 67187 1 -1 0 0 66550 400 -1 -1 -1 0
0 19859 450 -1 -1 -1 0 1 66550 400 20312 1 -1 0
1 19859 450 66406 1 1 0 0 66550 400 -1 -1 -1 0
0 19859 450 -1 -1 -1 0 1 66550 400 19531 1 1 0
1 19859 450 66796 1 -1 0 0 66550 400 -1 -1 -1 0
0 19859 450 -1 -1 -1 0 1 66550 400 19921 1 -1 0
1 19859 450 66601 1 -1 0 0 66550 400 -1 -1 -1 0
0 19859 450 -1 -1 -1 0 1 66550 400 19726 1 1 0
1 19859 450 66503 1 1 0 0 66550 400 -1 -1 -1 0
0 19859 450 -1 -1 -1 0 1 66550 400 19823 1 1 0
1 19859 450 66552 1 -1 0 0 66550 400 -1 -1 -1 0
0 19859 450 -1 -1 -1 0 1 66550 400 19872 1 -1 0
1 19859 450 66527 1 1 0 0 66550 400 -1 -1 -1 0
0 19859 450 -1 -1 -1 0 1 66550 400 19847 1 1 0
1 19859 450 66539 1 1 0 0 66550 400 -1 -1 -1 0
0 19859 450 -1 -1 -1 0 1 66550 500 19859 1 0 0
1 15935 450 66545 1 1 0 0 66550 500 -1 -1 -1 0
0 15935 450 -1 -1 -1 0 1 66550 500 50000 1 -1 0
1 15935 450 66548 1 1 0 0 66550 500 -1 -1 -1 0
0 15935 450 -1 -1 -1 0 1 66550 500 25000 1 -1 0
1 15935 550 66550 1 0 0 0 66550 500 -1 -1 -1 0
0 15935 550 -1 -1 -1 0 1 55399 500 12500 1 1 0
1 15935 550 50000 1 1 0 0 55399 500 -1 -1 -1 0
0 15935 550 -1 -1 -1 0 1 55399 500 18750 1 -1 0
1 15935 550 75000 1 -1 0 0 55399 500 -1 -1 -1 0
0 15935 550 -1 -1 -1 0 1 55399 500 15625 1 1 0
1 15935 550 62500 1 -1 0 0 55399 500 -1 -1 -1 0
0 15935 550 -1 -1 -1 0 1 55399 500 17187 1 -1 0
1 15935 550 56250 1 -1 0 0 55399 500 -1 -1 -1 0
0 15935 550 -1 -1 -1 0 1 55399 500 16406 1 -1 0
1 15935 550 53125 1 1 0 0 55399 500 -1 -1 -1 0
0 15935 550 -1 -1 -1 0 1 55399 500 16015 1 -1 0
1 15935 550 54687 1 1 0 0 55399 500 -1 -1 -1 0
0 15935 550 -1 -1 -1 0 1 55399 500 15820 1 1 0
1 15935 550 55468 1 -1 0 0 55399 500 -1 -1 -1 0
0 15935 550 -1 -1 -1 0 1 55399 500 15917 1 1 0
1 15935 550 55077 1 1 0 0 55399 500 -1 -1 -1 0
0 15935 550 -1 -1 -1 0 1 55399 500 15966 1 -1 0
1 15935 550 55272 1 1 0 0 55399 500 -1 -1 -1 0
0 15935 550 -1 -1 -1 0 1 55399 500 15941 1 -1 0
1 15935 550 55370 1 1 0 0 55399 500 -1 -1 -1 0
0 15935 550 -1 -1 -1 0 1 55399 500 15929 1 1 0
1 15935 550 55419 1 -1 0 0 55399 500 -1 -1 -1 0
0 15935 550 -1 -1 -1 0 1 55399 600 15935 1 0 0
1 41259 550 55394 1 1 0 0 55399 600 -1 -1 -1 0
0 41259 550 -1 -1 -1 0 1 55399 600 50000 1 -1 0
1 41259 550 55406 1 -1 0 0 55399 600 -1 -1 -1 0
0 41259 550 -1 -1 -1 0 1 55399 600 25000 1 1 0
1 41259 550 55400 1 -1 0 0 55399 600 -1 -1 -1 0
0 41259 550 -1 -1 -1 0 1 55399 600 37500 1 1 0
1 41259 550 55397 1 1 0 0 55399 600 -1 -1 -1 0
0 41259 550 -1 -1 -1 0 1 55399 600 43750 1 -1 0
1 41259 550 55398 1 1 0 0 55399 600 -1 -1 -1 0
0 41259 550 -1 -1 -1 0 1 55399 600 40625 1 1 0
1 41259 650 55399 1 0 0 0 55399 600 -1 -1 -1 0
0 41259 650 -1 -1 -1 0 1 75456 600 42187 1 -1 0
1 41259 650 50000 1 1 0 0 75456 600 -1 -1 -1 0
0 41259 650 -1 -1 -1 0 1 75456 600 41406 1 -1 0
1 41259 650 75000 1 1 0 0 75456 600 -1 -1 -1 0
0 41259 650 -1 -1 -1 0 1 75456 600 41015 1 1 0
1 41259 650 87500 1 -1 0 0 75456 600 -1 -1 -1 0
0 41259 650 -1 -1 -1 0 1 75456 600 41210 1 1 0
1 41259 650 81250 1 -1 0 0 75456 600 -1 -1 -1 0
0 41259 650 -1 -1 -1 0 1 75456 600 41308 1 -1 0
1 41259 650 78125 1 -1 0 0 75456 600 -1 -1 -1 0
0 41259 650 -1 -1 -1 0 1 75456 700 41259 1 0 0
1 40169 650 76562 1 -1 0 0 75456 700 -1 -1 -1 0
0 40169 650 -1 -1 -1 0 1 75456 700 50000 1 -1 0
1 40169 650 75781 1 -1 0 0 75456 700 -1 -1 -1 0
0 40169 650 -1 -1 -1 0 1 75456 700 25000 1 1 0
1 40169 650 75390 1 1 0 0 75456 700 -1 -1 -1 0
0 40169 650 -1 -1 -1 0 1 75456 700 37500 1 1 0
1 40169 650 75585 1 -1 0 0 75456 700 -1 -1 -1 0
0 40169 650 -1 -1 -1 0 1 75456 700 43750 1 -1 0
1 40169 650 75487 1 -1 0 0 75456 700 -1 -1 -1 0
0 40169 650 -1 -1 -1 0 1 75456 700 40625 1 -1 0
1 40169 650 75438 1 1 0 0 75456 700 -1 -1 -1 0
0 40169 650 -1 -1 -1 0 1 75456 700 39062 1 1 0
1 40169 650 75462 1 -1 0 0 75456 700 -1 -1 -1 0
0 40169 650 -1 -1 -1 0 1 75456 700 39843 1 1 0
1 40169 650 75450 1 1 0 0 75456 700 -1 -1 -1 0
0 40169 650 -1 -1 -1 0 1 75456 700 40234 1 -1 0
1 40169 750 75456 1 0 0 0 75456 700 -1 -1 -1 0
0 40169 750 -1 -1 -1 0 1 32083 700 40038 1 1 0
1 40169 750 50000 1 -1 0 0 32083 700 -1 -1 -1 0
0 40169 750 -1 -1 -1 0 1 32083 700 40136 1 1 0
1 40169 750 25000 1 1 0 0 32083 700 -1 -1 -1 0
0 40169 750 -1 -1 -1 0 1 32083 700 40185 1 -1 0
1 40169 750 37500 1 -1 0 0 32083 700 -1 -1 -1 0
0 40169 750 -1 -1 -1 0 1 32083 700 40160 1 1 0
1 40169 750 31250 1 1 0 0 32083 700 -1 -1 -1 0
0 40169 750 -1 -1 -1 0 1 32083 700 40172 1 -1 0
1 40169 750 34375 1 -1 0 0 32083 700 -1 -1 -1 0
0 40169 750 -1 -1 -1 0 1 32083 700 40166 1 1 0
1 40169 750 32812 1 -1 0 0 32083 700 -1 -1 -1 0
0 40169 750 -1 -1 -1 0 1 32083 800 40169 1 0 0
1 20469 750 32031 1 1 0 0 32083 800 -1 -1 -1 0
0 20469 750 -1 -1 -1 0 1 32083 800 50000 1 -1 0
1 20469 750 32421 1 -1 0 0 32083 800 -1 -1 -1 0
0 20469 750 -1 -1 -1 0 1 32083 800 25000 1 -1 0
1 20469 750 32226 1 -1 0 0 32083 800 -1 -1 -1 0
0 20469 750 -1 -1 -1 0 1 32083 800 12500 1 1 0
1 20469 750 32128 1 -1 0 0 32083 800 -1 -1 -1 0
0 20469 750 -1 -1 -1 0 1 32083 800 18750 1 1 0
1 20469 750 32079 1 1 0 0 32083 800 -1 -1 -1 0
0 20469 750 -1 -1 -1 0 1 32083 800 21875 1 -1 0
1 20469 750 32103 1 -1 0 0 32083 800 -1 -1 -1 0
0 20469 750 -1 -1 -1 0 1 32083 800 20312 1 1 0
1 20469 750 32091 1 -1 0 0 32083 800 -1 -1 -1 0
0 20469 750 -1 -1 -1 0 1 32083 800 21093 1 -1 0
1 20469 750 32085 1 -1 0 0 32083 800 -1 -1 -1 0
0 20469 750 -1 -1 -1 0 1 32083 800 20702 1 -1 0
1 20469 750 32082 1 1 0 0 32083 800 -1 -1 -1 0
0 20469 750 -1 -1 -1 0 1 32083 800 20507 1 -1 0
1 20469 850 32083 1 0 0 0 32083 800 -1 -1 -1 0
0 20469 850 -1 -1 -1 0 1 69683 800 20409 1 1 0
1 20469 850 50000 1 1 0 0 69683 800 -1 -1 -1 0
0 20469 850 -1 -1 -1 0 1 69683 800 20458 1 1 0
1 20469 850 75000 1 -1 0 0 69683 800 -1 -1 -1 0
0 20469 850 -1 -1 -1 0 1 69683 800 20482 1 -1 0
1 20469 850 62500 1 1 0 0 69683 800 -1 -1 -1 0
0 20469 850 -1 -1 -1 0 1 69683 800 20470 1 -1 0
1 20469 850 68750 1 1 0 0 69683 800 -1 -1 -1 0
0 20469 850 -1 -1 -1 0 1 69683 800 20464 1 1 0
1 20469 850 71875 1 -1 0 0 69683 800 -1 -1 -1 0
0 20469 850 -1 -1 -1 0 1 69683 800 20467 1 1 0
1 20469 850 70312 1 -1 0 0 69683 800 -1 -1 -1 0
0 20469 850 -1 -1 -1 0 1 69683 800 20468 1 1 0
1 20469 850 69531 1 1 0 0 69683 800 -1 -1 -1 0
0 20469 850 -1 -1 -1 0 1 69683 900 20469 1 0 0
1 26593 850 69921 1 -1 0 0 69683 900 -1 -1 -1 0
0 26593 850 -1 -1 -1 0 1 69683 900 50000 1 -1 0
1 26593 850 69726 1 -1 0 0 69683 900 -1 -1 -1 0
0 26593 850 -1 -1 -1 0 1 69683 900 25000 1 1 0
1 26593 850 69628 1 1 0 0 69683 900 -1 -1 -1 0
0 26593 850 -1 -1 -1 0 1 69683 900 37500 1 -1 0
1 26593 850 69677 1 1 0 0 69683 900 -1 -1 -1 0
0 26593 850 -1 -1 -1 0 1 69683 900 31250 1 -1 0
1 26593 850 69701 1 -1 0 0 69683 900 -1 -1 -1 0
0 26593 850 -1 -1 -1 0 1 69683 900 28125 1 -1 0
1 26593 850 69689 1 -1 0 0 69683 900 -1 -1 -1 0
0 26593 850 -1 -1 -1 0 1 69683 900 26562 1 1 0
1 26593 950 69683 1 0 0 0 69683 900 -1 -1 -1 0
0 26593 950 -1 -1 -1 0 1 67889 900 27343 1 -1 0
1 26593 950 50000 1 1 0 0 67889 900 -1 -1 -1 0
0 26593 950 -1 -1 -1 0 1 67889 900 26952 1 -1 0
1 26593 950 75000 1 -1 0 0 67889 900 -1 -1 -1 0
0 26593 950 -1 -1 -1 0 1 67889 900 26757 1 -1 0
1 26593 950 62500 1 1 0 0 67889 900 -1 -1 -1 0
0 26593 950 -1 -1 -1 0 1 67889 900 26659 1 -1 0
1 26593 950 68750 1 -1 0 0 67889 900 -1 -1 -1 0
0 26593 950 -1 -1 -1 0 1 67889 900 26610 1 -1 0
1 26593 950 65625 1 1 0 0 67889 900 -1 -1 -1 0
0 26593 950 -1 -1 -1 0 1 67889 900 26586 1 1 0
1 26593 950 67187 1 1 0 0 67889 900 -1 -1 -1 0
0 26593 950 -1 -1 -1 0 1 67889 900 26598 1 -1 0
1 26593 950 67968 1 -1 0 0 67889 900 -1 -1 -1 0
0 26593 950 -1 -1 -1 0 1 67889 900 26592 1 1 0
1 26593 950 67577 1 1 0 0 67889 900 -1 -1 -1 0
0 26593 950 -1 -1 -1 0 1 67889 900 26595 1 -1 0
1 26593 950 67772 1 1 0 0 67889 900 -1 -1 -1 0
0 26593 950 -1 -1 -1 0 1 67889 1000 26593 1 0 0
1 28872 950 67870 1 1 0 0 67889 1000 -1 -1 -1 0
0 28872 950 -1 -1 -1 0 1 67889 1000 50000 1 -1 0
1 28872 950 67919 1 -1 0 0 67889 1000 -1 -1 -1 0
0 28872 950 -1 -1 -1 0 1 67889 1000 25000 1 1 0
1 28872 950 67894 1 -1 0 0 67889 1000 -1 -1 -1 0
0 28872 950 -1 -1 -1 0 1 67889 1000 37500 1 -1 0
1 28872 950 67882 1 1 0 0 67889 1000 -1 -1 -1 0
0 28872 950 -1 -1 -1 0 1 67889 1000 31250 1 -1 0
1 28872 950 67888 1 1 0 0 67889 1000 -1 -1 -1 0
0 28872 950 -1 -1 -1 0 1 67889 1000 28125 1 1 0
1 28872 950 67891 1 -1 0 0 67889 1000 -1 -1 -1 0
0 28872 950 -1 -1 -1 0 1 67889 1000 29687 1 -1 0
1 28872 1050 67889 1 0 0 0 67889 1000 -1 -1 -1 0
0 28872 1050 -1 -1 -1 0 1 13597 1000 28906 1 -1 0
1 28872 1050 50000 1 -1 0 0 13597 1000 -1 -1 -1 0
0 28872 1050 -1 -1 -1 0 1 13597 1000 28515 1 1 0
1 28872 1050 25000 1 -1 0 0 13597 1000 -1 -1 -1 0
0 28872 1050 -1 -1 -1 0 1 13597 1000 28710 1 1 0
1 28872 1050 12500 1 1 0 0 13597 1000 -1 -1 -1 0
0 28872 1050 -1 -1 -1 0 1 13597 1000 28808 1 1 0
1 28872 1050 18750 1 -1 0 0 13597 1000 -1 -1 -1 0
0 28872 1050 -1 -1 -1 0 1 13597 1000 28857 1 1 0
1 28872 1050 15625 1 -1 0 0 13597 1000 -1 -1 -1 0
0 28872 1050 -1 -1 -1 0 1 13597 1000 28881 1 -1 0
1 28872 1050 14062 1 -1 0 0 13597 1000 -1 -1 -1 0
0 28872 1050 -1 -1 -1 0 1 13597 1000 28869 1 1 0
1 28872 1050 13281 1 1 0 0 13597 1000 -1 -1 -1 0
0 28872 1050 -1 -1 -1 0 1 13597 1000 28875 1 -1 0
1 28872 1050 13671 1 -1 0 0 13597 1000 -1 -1 -1 0
0 28872 1050 -1 -1 -1 0 1 13597 1100 28872 1 0 0
1 3714 1050 13476 1 1 0 0 13597 1100 -1 -1 -1 0
0 3714 1050 -1 -1 -1 0 1 13597 1100 50000 1 -1 0
1 3714 1050 13573 1 1 0 0 13597 1100 -1 -1 -1 0
0 3714 1050 -1 -1 -1 0 1 13597 1100 25000 1 -1 0
1 3714 1050 13622 1 -1 0 0 13597 1100 -1 -1 -1 0
0 3714 1050 -1 -1 -1 0 1 13597 1100 12500 1 -1 0
1 3714 1150 13597 1 0 0 0 13597 1100 -1 -1 -1 0
0 3714 1150 -1 -1 -1 0 1 45228 1100 6250 1 -1 0
1 3714 1150 50000 1 -1 0 0 45228 1100 -1 -1 -1 0
0 3714 1150 -1 -1 -1 0 1 45228 1100 3125 1 1 0
1 3714 1150 25000 1 1 0 0 45228 1100 -1 -1 -1 0
0 3714 1150 -1 -1 -1 0 1 45228 1100 4687 1 -1 0
1 3714 1150 37500 1 1 0 0 45228 1100 -1 -1 -1 0
0 3714 1150 -1 -1 -1 0 1 45228 1100 3906 1 -1 0
1 3714 1150 43750 1 1 0 0 45228 1100 -1 -1 -1 0
0 3714 1150 -1 -1 -1 0 1 45228 1100 3515 1 1 0
1 3714 1150 46875 1 -1 0 0 45228 1100 -1 -1 -1 0
0 3714 1150 -1 -1 -1 0 1 45228 1100 3710 1 1 0
1 3714 1150 45312 1 -1 0 0 45228 1100 -1 -1 -1 0
0 3714 1150 -1 -1 -1 0 1 45228 1100 3808 1 -1 0
1 3714 1150 44531 1 1 0 0 45228 1100 -1 -1 -1 0
0 3714 1150 -1 -1 -1 0 1 45228 1100 3759 1 -1 0
1 3714 1150 44921 1 1 0 0 45228 1100 -1 -1 -1 0
0 3714 1150 -1 -1 -1 0 1 45228 1100 3734 1 -1 0
1 3714 1150 45116 1 1 0 0 45228 1100 -1 -1 -1 0
0 3714 1150 -1 -1 -1 0 1 45228 1100 3722 1 -1 0
1 3714 1150 45214 1 1 0 0 45228 1100 -1 -1 -1 0
0 3714 1150 -1 -1 -1 0 1 45228 1100 3716 1 -1 0
1 3714 1150 45263 1 -1 0 0 45228 1100 -1 -1 -1 0
0 3714 1150 -1 -1 -1 0 1 45228 1100 3713 1 1 0
1 3714 1150 45238 1 -1 0 0 45228 1100 -1 -1 -1 0
0 3714 1150 -1 -1 -1 0 1 45228 1200 3714 1 0 0
1 13107 1150 45226 1 1 0 0 45228 1200 -1 -1 -1 0
0 13107 1150 -1 -1 -1 0 1 45228 1200 50000 1 -1 0
1 13107 1150 45232 1 -1 0 0 45228 1200 -1 -1 -1 0
0 13107 1150 -1 -1 -1 0 1 45228 1200 25000 1 -1 0
1 13107 1150 45229 1 -1 0 0 45228 1200 -1 -1 -1 0
0 13107 1150 -1 -1 -1 0 1 45228 1200 12500 1 1 0
1 13107 1150 45227 1 1 0 0 45228 1200 -1 -1 -1 0
0 13107 1150 -1 -1 -1 0 1 45228 1200 18750 1 -1 0
1 13107 1250 45228 1 0 0 0 45228 1200 -1 -1 -1 0
0 13107 1250 -1 -1 -1 0 1 98476 1200 15625 1 -1 0
1 13107 1250 50000 1 1 0 0 98476 1200 -1 -1 -1 0
0 13107 1250 -1 -1 -1 0 1 98476 1200 14062 1 -1 0
1 13107 1250 75000 1 1 0 0 98476 1200 -1 -1 -1 0
0 13107 1250 -1 -1 -1 0 1 98476 1200 13281 1 -1 0
1 13107 1250 87500 1 1 0 0 98476 1200 -1 -1 -1 0
0 13107 1250 -1 -1 -1 0 1 98476 1200 12890 1 1 0
1 13107 1250 93750 1 1 0 0 98476 1200 -1 -1 -1 0
0 13107 1250 -1 -1 -1 0 1 98476 1200 13085 1 1 0
1 13107 1250 96875 1 1 0 0 98476 1200 -1 -1 -1 0
0 13107 1250 -1 -1 -1 0 1 98476 1200 13183 1 -1 0
1 13107 1250 98437 1 1 0 0 98476 1200 -1 -1 -1 0
0 13107 1250 -1 -1 -1 0 1 98476 1200 13134 1 -1 0
1 13107 1250 99218 1 -1 0 0 98476 1200 -1 -1 -1 0
0 13107 1250 -1 -1 -1 0 1 98476 1200 13109 1 -1 0
1 13107 1250 98827 1 -1 0 0 98476 1200 -1 -1 -1 0
0 13107 1250 -1 -1 -1 0 1 98476 1200 13097 1 1 0
1 13107 1250 98632 1 -1 0 0 98476 1200 -1 -1 -1 0
0 13107 1250 -1 -1 -1 0 1 98476 1200 13103 1 1 0
1 13107 1250 98534 1 -1 0 0 98476 1200 -1 -1 -1 0
0 13107 1250 -1 -1 -1 0 1 98476 1200 13106 1 1 0
1 13107 1250 98485 1 -1 0 0 98476 1200 -1 -1 -1 0
0 13107 1250 -1 -1 -1 0 1 98476 1300 13107 1 0 0
1 30792 1250 98461 1 1 0 0 98476 1300 -1 -1 -1 0
0 30792 1250 -1 -1 -1 0 1 98476 1300 50000 1 -1 0
1 30792 1250 98473 1 1 0 0 98476 1300 -1 -1 -1 0
0 30792 1250 -1 -1 -1 0 1 98476 1300 25000 1 1 0
1 30792 1250 98479 1 -1 0 0 98476 1300 -1 -1 -1 0
0 30792 1250 -1 -1 -1 0 1 98476 1300 37500 1 -1 0
1 30792 1350 98476 1 0 0 0 98476 1300 -1 -1 -1 0
0 30792 1350 -1 -1 -1 0 1 20757 1300 31250 1 -1 0
1 30792 1350 50000 1 -1 0 0 20757 1300 -1 -1 -1 0
0 30792 1350 -1 -1 -1 0 1 20757 1300 28125 1 1 0
1 30792 1350 25000 1 -1 0 0 20757 1300 -1 -1 -1 0
0 30792 1350 -1 -1 -1 0 1 20757 1300 29687 1 1 0
1 30792 1350 12500 1 1 0 0 20757 1300 -1 -1 -1 0
0 30792 1350 -1 -1 -1 0 1 20757 1300 30468 1 1 0
1 30792 1350 18750 1 1 0 0 20757 1300 -1 -1 -1 0
0 30792 1350 -1 -1 -1 0 1 20757 1300 30859 1 -1 0
1 30792 1350 21875 1 -1 0 0 20757 1300 -1 -1 -1 0
0 30792 1350 -1 -1 -1 0 1 20757 1300 30663 1 1 0
1 30792 1350 20312 1 1 0 0 20757 1300 -1 -1 -1 0
0 30792 1350 -1 -1 -1 0 1 20757 1300 30761 1 1 0
1 30792 1350 21093 1 -1 0 0 20757 1300 -1 -1 -1 0
0 30792 1350 -1 -1 -1 0 1 20757 1300 30810 1 -1 0
1 30792 1350 20702 1 1 0 0 20757 1300 -1 -1 -1 0
0 30792 1350 -1 -1 -1 0 1 20757 1300 30785 1 1 0
1 30792 1350 20897 1 -1 0 0 20757 1300 -1 -1 -1 0
0 30792 1350 -1 -1 -1 0 1 20757 1300 30797 1 -1 0
1 30792 1350 20799 1 -1 0 0 20757 1300 -1 -1 -1 0
0 30792 1350 -1 -1 -1 0 1 20757 1300 30791 1 1 0
1 30792 1350 20750 1 1 0 0 20757 1300 -1 -1 -1 0
0 30792 1350 -1 -1 -1 0 1 20757 1300 30794 1 -1 0
1 30792 1350 20774 1 -1 0 0 20757 1300 -1 -1 -1 0
0 30792 1350 -1 -1 -1 0 1 20757 1400 30792 1 0 0
1 5625 1350 20762 1 -1 0 0 20757 1400 -1 -1 -1 0
0 5625 1350 -1 -1 -1 0 1 20757 1400 50000 1 -1 0
1 5625 1350 20756 1 1 0 0 20757 1400 -1 -1 -1 0
0 5625 1350 -1 -1 -1 0 1 20757 1400 25000 1 -1 0
1 5625 1350 20759 1 -1 0 0 20757 1400 -1 -1 -1 0
0 5625 1350 -1 -1 -1 0 1 20757 1400 12500 1 -1 0
1 5625 1450 20757 1 0 0 0 20757 1400 -1 -1 -1 0
0 5625 1450 -1 -1 -1 0 1 42035 1400 6250 1 -1 0
1 5625 1450 50000 1 -1 0 0 42035 1400 -1 -1 -1 0
0 5625 1450 -1 -1 -1 0 1 42035 1400 3125 1 1 0
1 5625 1450 25000 1 1 0 0 42035 1400 -1 -1 -1 0
0 5625 1450 -1 -1 -1 0 1 42035 1400 4687 1 1 0
1 5625 1450 37500 1 1 0 0 42035 1400 -1 -1 -1 0
0 5625 1450 -1 -1 -1 0 1 42035 1400 5468 1 1 0
1 5625 1450 43750 1 -1 0 0 42035 1400 -1 -1 -1 0
0 5625 1450 -1 -1 -1 0 1 42035 1400 5859 1 -1 0
1 5625 1450 40625 1 1 0 0 42035 1400 -1 -1 -1 0
0 5625 1450 -1 -1 -1 0 1 42035 1400 5663 1 -1 0
1 5625 1450 42187 1 -1 0 0 42035 1400 -1 -1 -1 0
0 5625 1450 -1 -1 -1 0 1 42035 1400 5565 1 1 0
1 5625 1450 41406 1 1 0 0 42035 1400 -1 -1 -1 0
0 5625 1450 -1 -1 -1 0 1 42035 1400 5614 1 1 0
1 5625 1450 41796 1 1 0 0 42035 1400 -1 -1 -1 0
0 5625 1450 -1 -1 -1 0 1 42035 1400 5638 1 -1 0
1 5625 1450 41991 1 1 0 0 42035 1400 -1 -1 -1 0
0 5625 1450 -1 -1 -1 0 1 42035 1400 5626 1 -1 0
1 5625 1450 42089 1 -1 0 0 42035 1400 -1 -1 -1 0
0 5625 1450 -1 -1 -1 0 1 42035 1400 5620 1 1 0
1 5625 1450 42040 1 -1 0 0 42035 1400 -1 -1 -1 0
0 5625 1450 -1 -1 -1 0 1 42035 1400 5623 1 1 0
1 5625 1450 42015 1 1 0 0 42035 1400 -1 -1 -1 0
0 5625 1450 -1 -1 -1 0 1 42035 1400 5624 1 1 0
1 5625 1450 42027 1 1 0 0 42035 1400 -1 -1 -1 0
0 5625 1450 -1 -1 -1 0 1 42035 1500 5625 1 0 0
1 18374 1450 42033 1 1 0 0 42035 1500 -1 -1 -1 0
0 18374 1450 -1 -1 -1 0 1 42035 1500 50000 1 -1 0
1 18374 1450 42036 1 -1 0 0 42035 1500 -1 -1 -1 0
0 18374 1450 -1 -1 -1 0 1 42035 1500 25000 1 -1 0
1 18374 1450 42034 1 1 0 0 42035 1500 -1 -1 -1 0
0 18374 1450 -1 -1 -1 0 1 42035 1500 12500 1 1 0
1 18374 1550 42035 1 0 0 0 42035 1500 -1 -1 -1 0
0 18374 1550 -1 -1 -1 0 1 63296 1500 18750 1 -1 0
1 18374 1550 50000 1 1 0 0 63296 1500 -1 -1 -1 0
0 18374 1550 -1 -1 -1 0 1 63296 1500 15625 1 1 0
1 18374 1550 75000 1 -1 0 0 63296 1500 -1 -1 -1 0
0 18374 1550 -1 -1 -1 0 1 63296 1500 17187 1 1 0
1 18374 1550 62500 1 1 0 0 63296 1500 -1 -1 -1 0
0 18374 1550 -1 -1 -1 0 1 63296 1500 17968 1 1 0
1 18374 1550 68750 1 -1 0 0 63296 1500 -1 -1 -1 0
0 18374 1550 -1 -1 -1 0 1 63296 1500 18359 1 1 0
1 18374 1550 65625 1 -1 0 0 63296 1500 -1 -1 -1 0
0 18374 1550 -1 -1 -1 0 1 63296 1500 18554 1 -1 0
1 18374 1550 64062 1 -1 0 0 63296 1500 -1 -1 -1 0
0 18374 1550 -1 -1 -1 0 1 63296 1500 18456 1 -1 0
1 18374 1550 63281 1 1 0 0 63296 1500 -1 -1 -1 0
0 18374 1550 -1 -1 -1 0 1 63296 1500 18407 1 -1 0
1 18374 1550 63671 1 -1 0 0 63296 1500 -1 -1 -1 0
0 18374 1550 -1 -1 -1 0 1 63296 1500 18383 1 -1 0
1 18374 1550 63476 1 -1 0 0 63296 1500 -1 -1 -1 0
0 18374 1550 -1 -1 -1 0 1 63296 1500 18371 1 1 0
1 18374 1550 63378 1 -1 0 0 63296 1500 -1 -1 -1 0
0 18374 1550 -1 -1 -1 0 1 63296 1500 18377 1 -1 0
1 18374 1550 63329 1 -1 0 0 63296 1500 -1 -1 -1 0
0 18374 1550 -1 -1 -1 0 1 63296 1600 18374 1 0 0
1 48788 1550 63305 1 -1 0 0 63296 1600 -1 -1 -1 0
0 48788 1550 -1 -1 -1 0 1 63296 1600 50000 1 -1 0
1 48788 1550 63293 1 1 0 0 63296 1600 -1 -1 -1 0
0 48788 1550 -1 -1 -1 0 1 63296 1600 25000 1 1 0
1 48788 1550 63299 1 -1 0 0 63296 1600 -1 -1 -1 0
0 48788 1550 -1 -1 -1 0 1 63296 1600 37500 1 1 0
1 48788 1650 63296 1 0 0 0 63296 1600 -1 -1 -1 0
0 48788 1650 -1 -1 -1 0 1 33527 1600 43750 1 1 0
1 48788 1650 50000 1 -1 0 0 33527 1600 -1 -1 -1 0
0 48788 1650 -1 -1 -1 0 1 33527 1600 46875 1 1 0
1 48788 1650 25000 1 1 0 0 33527 1600 -1 -1 -1 0
0 48788 1650 -1 -1 -1 0 1 33527 1600 48437 1 1 0
1 48788 1650 37500 1 -1 0 0 33527 1600 -1 -1 -1 0
0 48788 1650 -1 -1 -1 0 1 33527 1600 49218 1 -1 0
1 48788 1650 31250 1 1 0 0 33527 1600 -1 -1 -1 0
0 48788 1650 -1 -1 -1 0 1 33527 1600 48827 1 -1 0
1 48788 1650 34375 1 -1 0 0 33527 1600 -1 -1 -1 0
0 48788 1650 -1 -1 -1 0 1 33527 1600 48632 1 1 0
1 48788 1650 32812 1 1 0 0 33527 1600 -1 -1 -1 0
0 48788 1650 -1 -1 -1 0 1 33527 1600 48729 1 1 0
1 48788 1650 33593 1 -1 0 0 33527 1600 -1 -1 -1 0
0 48788 1650 -1 -1 -1 0 1 33527 1600 48778 1 1 0
1 48788 1650 33202 1 1 0 0 33527 1600 -1 -1 -1 0
0 48788 1650 -1 -1 -1 0 1 33527 1600 48802 1 -1 0
1 48788 1650 33397 1 1 0 0 33527 1600 -1 -1 -1 0
0 48788 1650 -1 -1 -1 0 1 33527 1600 48790 1 -1 0
1 48788 1650 33495 1 1 0 0 33527 1600 -1 -1 -1 0
0 48788 1650 -1 -1 -1 0 1 33527 1600 48784 1 1 0
1 48788 1650 33544 1 -1 0 0 33527 1600 -1 -1 -1 0
0 48788 1650 -1 -1 -1 0 1 33527 1600 48787 1 1 0
1 48788 1650 33519 1 1 0 0 33527 1600 -1 -1 -1 0
0 48788 1650 -1 -1 -1 0 1 33527 1700 48788 1 0 0
1 23134 1650 33531 1 -1 0 0 33527 1700 -1 -1 -1 0
0 23134 1650 -1 -1 -1 0 1 33527 1700 50000 1 -1 0
1 23134 1650 33525 1 1 0 0 33527 1700 -1 -1 -1 0
0 23134 1650 -1 -1 -1 0 1 33527 1700 25000 1 -1 0
1 23134 1650 33528 1 -1 0 0 33527 1700 -1 -1 -1 0
0 23134 1650 -1 -1 -1 0 1 33527 1700 12500 1 1 0
1 23134 1650 33526 1 1 0 0 33527 1700 -1 -1 -1 0
0 23134 1650 -1 -1 -1 0 1 33527 1700 18750 1 1 0
1 23134 1750 33527 1 0 0 0 33527 1700 -1 -1 -1 0
0 23134 1750 -1 -1 -1 0 1 22777 1700 21875 1 1 0
1 23134 1750 50000 1 -1 0 0 22777 1700 -1 -1 -1 0
0 23134 1750 -1 -1 -1 0 1 22777 1700 23437 1 -1 0
1 23134 1750 25000 1 -1 0 0 22777 1700 -1 -1 -1 0
0 23134 1750 -1 -1 -1 0 1 22777 1700 22656 1 1 0
1 23134 1750 12500 1 1 0 0 22777 1700 -1 -1 -1 0
0 23134 1750 -1 -1 -1 0 1 22777 1700 23046 1 1 0
1 23134 1750 18750 1 1 0 0 22777 1700 -1 -1 -1 0
0 23134 1750 -1 -1 -1 0 1 22777 1700 23241 1 -1 0
1 23134 1750 21875 1 1 0 0 22777 1700 -1 -1 -1 0
0 23134 1750 -1 -1 -1 0 1 22777 1700 23143 1 -1 0
1 23134 1750 23437 1 -1 0 0 22777 1700 -1 -1 -1 0
0 23134 1750 -1 -1 -1 0 1 22777 1700 23094 1 1 0
1 23134 1750 22656 1 1 0 0 22777 1700 -1 -1 -1 0
0 23134 1750 -1 -1 -1 0 1 22777 1700 23118 1 1 0
1 23134 1750 23046 1 -1 0 0 22777 1700 -1 -1 -1 0
0 23134 1750 -1 -1 -1 0 1 22777 1700 23130 1 1 0
1 23134 1750 22851 1 -1 0 0 22777 1700 -1 -1 -1 0
0 23134 1750 -1 -1 -1 0 1 22777 1700 23136 1 -1 0
1 23134 1750 22753 1 1 0 0 22777 1700 -1 -1 -1 0
0 23134 1750 -1 -1 -1 0 1 22777 1700 23133 1 1 0
1 23134 1750 22802 1 -1 0 0 22777 1700 -1 -1 -1 0
0 23134 1750 -1 -1 -1 0 1 22777 1800 23134 1 0 0
1 40806 1850 22777 1 0 0 0 22777 1800 -1 -1 -1 0
0 40806 1850 -1 -1 -1 0 1 70194 1800 50000 1 -1 0
1 40806 1850 50000 1 1 0 0 70194 1800 -1 -1 -1 0
0 40806 1850 -1 -1 -1 0 1 70194 1800 25000 1 1 0
1 40806 1850 75000 1 -1 0 0 70194 1800 -1 -1 -1 0
0 40806 1850 -1 -1 -1 0 1 70194 1800 37500 1 1 0
1 40806 1850 62500 1 1 0 0 70194 1800 -1 -1 -1 0
0 40806 1850 -1 -1 -1 0 1 70194 1800 43750 1 -1 0
1 40806 1850 68750 1 1 0 0 70194 1800 -1 -1 -1 0
0 40806 1850 -1 -1 -1 0 1 70194 1800 40625 1 1 0
1 40806 1850 71875 1 -1 0 0 70194 1800 -1 -1 -1 0
0 40806 1850 -1 -1 -1 0 1 70194 1800 42187 1 -1 0
1 40806 1850 70312 1 -1 0 0 70194 1800 -1 -1 -1 0
0 40806 1850 -1 -1 -1 0 1 70194 1800 41406 1 -1 0
1 40806 1850 69531 1 1 0 0 70194 1800 -1 -1 -1 0
0 40806 1850 -1 -1 -1 0 1 70194 1800 41015 1 -1 0
1 40806 1850 69921 1 1 0 0 70194 1800 -1 -1 -1 0
0 40806 1850 -1 -1 -1 0 1 70194 1800 40820 1 -1 0
1 40806 1850 70116 1 1 0 0 70194 1800 -1 -1 -1 0
0 40806 1850 -1 -1 -1 0 1 70194 1800 40722 1 1 0
1 40806 1850 70214 1 -1 0 0 70194 1800 -1 -1 -1 0
0 40806 1850 -1 -1 -1 0 1 70194 1800 40771 1 1 0
1 40806 1850 70165 1 1 0 0 70194 1800 -1 -1 -1 0
0 40806 1850 -1 -1 -1 0 1 70194 1800 40795 1 1 0
1 40806 1850 70189 1 1 0 0 70194 1800 -1 -1 -1 0
0 40806 1850 -1 -1 -1 0 1 70194 1800 40807 1 -1 0
1 40806 1850 70201 1 -1 0 0 70194 1800 -1 -1 -1 0
0 40806 1850 -1 -1 -1 0 1 70194 1800 40801 1 1 0
1 40806 1850 70195 1 -1 0 0 70194 1800 -1 -1 -1 0
0 40806 1850 -1 -1 -1 0 1 70194 1800 40804 1 1 0
1 40806 1850 70192 1 1 0 0 70194 1800 -1 -1 -1 0
0 40806 1850 -1 -1 -1 0 1 70194 1800 40805 1 1 0
1 40806 1850 70193 1 1 0 0 70194 1800 -1 -1 -1 0
0 40806 1850 -1 -1 -1 0 1 70194 1900 40806 1 0 0
1 28251 1950 70194 1 0 0 0 70194 1900 -1 -1 -1 0
0 28251 1950 -1 -1 -1 0 1 22975 1900 50000 1 -1 0
1 28251 1950 50000 1 -1 0 0 22975 1900 -1 -1 -1 0
0 28251 1950 -1 -1 -1 0 1 22975 1900 25000 1 1 0
1 28251 1950 25000 1 -1 0 0 22975 1900 -1 -1 -1 0
0 28251 1950 -1 -1 -1 0 1 22975 1900 37500 1 -1 0
1 28251 1950 12500 1 1 0 0 22975 1900 -1 -1 -1 0
0 28251 1950 -1 -1 -1 0 1 22975 1900 31250 1 -1 0
1 28251 1950 18750 1 1 0 0 22975 1900 -1 -1 -1 0
0 28251 1950 -1 -1 -1 0 1 22975 1900 28125 1 1 0
1 28251 1950 21875 1 1 0 0 22975 1900 -1 -1 -1 0
0 28251 1950 -1 -1 -1 0 1 22975 1900 29687 1 -1 0
1 28251 1950 23437 1 -1 0 0 22975 1900 -1 -1 -1 0
0 28251 1950 -1 -1 -1 0 1 22975 1900 28906 1 -1 0
1 28251 1950 22656 1 1 0 0 22975 1900 -1 -1 -1 0
0 28251 1950 -1 -1 -1 0 1 22975 1900 28515 1 -1 0
1 28251 1950 23046 1 -1 0 0 22975 1900 -1 -1 -1 0
0 28251 1950 -1 -1 -1 0 1 22975 1900 28320 1 -1 0
1 28251 1950 22851 1 1 0 0 22975 1900 -1 -1 -1 0
0 28251 1950 -1 -1 -1 0 1 22975 1900 28222 1 1 0
1 28251 1950 22948 1 1 0 0 22975 1900 -1 -1 -1 0
0 28251 1950 -1 -1 -1 0 1 22975 1900 28271 1 -1 0
1 28251 1950 22997 1 -1 0 0 22975 1900 -1 -1 -1 0
0 28251 1950 -1 -1 -1 0 1 22975 1900 28246 1 1 0
1 28251 1950 22972 1 1 0 0 22975 1900 -1 -1 -1 0
0 28251 1950 -1 -1 -1 0 1 22975 1900 28258 1 -1 0
1 28251 1950 22984 1 -1 0 0 22975 1900 -1 -1 -1 0
0 28251 1950 -1 -1 -1 0 1 22975 1900 28252 1 -1 0
1 28251 1950 22978 1 -1 0 0 22975 1900 -1 -1 -1 0
0 28251 1950 -1 -1 -1 0 1 22975 1900 28249 1 1 0
1 28251 2050 22975 1 0 0 0 22975 1900 -1 -1 -1 0
0 28251 2050 -1 -1 -1 0 1 62159 1900 28250 1 1 0
1 28251 2050 50000 1 1 0 0 62159 1900 -1 -1 -1 0
0 28251 2050 -1 -1 -1 0 1 62159 2000 28251 1 0 0
1 33289 2050 75000 1 -1 0 0 62159 2000 -1 -1 -1 0
0 33289 2050 -1 -1 -1 0 1 62159 2000 50000 1 -1 0
1 33289 2050 62500 1 -1 0 0 62159 2000 -1 -1 -1 0
0 33289 2050 -1 -1 -1 0 1 62159 2000 25000 1 1 0
1 33289 2050 56250 1 1 0 0 62159 2000 -1 -1 -1 0
0 33289 2050 -1 -1 -1 0 1 62159 2000 37500 1 -1 0
1 33289 2050 59375 1 1 0 0 62159 2000 -1 -1 -1 0
0 33289 2050 -1 -1 -1 0 1 62159 2000 31250 1 1 0
1 33289 2050 60937 1 1 0 0 62159 2000 -1 -1 -1 0
0 33289 2050 -1 -1 -1 0 1 62159 2000 34375 1 -1 0
1 33289 2050 61718 1 1 0 0 62159 2000 -1 -1 -1 0
0 33289 2050 -1 -1 -1 0 1 62159 2000 32812 1 1 0
1 33289 2050 62109 1 1 0 0 62159 2000 -1 -1 -1 0
0 33289 2050 -1 -1 -1 0 1 62159 2000 33593 1 -1 0
1 33289 2050 62304 1 -1 0 0 62159 2000 -1 -1 -1 0
0 33289 2050 -1 -1 -1 0 1 62159 2000 33202 1 1 0
1 33289 2050 62206 1 -1 0 0 62159 2000 -1 -1 -1 0
0 33289 2050 -1 -1 -1 0 1 62159 2000 33397 1 -1 0
1 33289 2050 62157 1 1 0 0 62159 2000 -1 -1 -1 0
0 33289 2050 -1 -1 -1 0 1 62159 2000 33299 1 -1 0
1 33289 2050 62181 1 -1 0 0 62159 2000 -1 -1 -1 0
0 33289 2050 -1 -1 -1 0 1 62159 2000 33250 1 1 0
1 33289 2050 62169 1 -1 0 0 62159 2000 -1 -1 -1 0
0 33289 2050 -1 -1 -1 0 1 62159 2000 33274 1 1 0
1 33289 2050 62163 1 -1 0 0 62159 2000 -1 -1 -1 0
0 33289 2050 -1 -1 -1 0 1 62159 2000 33286 1 1 0
1 33289 2050 62160 1 -1 0 0 62159 2000 -1 -1 -1 0
0 33289 2050 -1 -1 -1 0 1 62159 2000 33292 1 -1 0
1 33289 2050 62158 1 1 0 0 62159 2000 -1 -1 -1 0
0 33289 2050 -1 -1 -1 0 1 62159 2100 33289 1 0 0
1 28032 2150 62159 1 0 0 0 62159 2100 -1 -1 -1 0
0 28032 2150 -1 -1 -1 0 1 63371 2100 50000 1 -1 0
1 28032 2150 50000 1 1 0 0 63371 2100 -1 -1 -1 0
0 28032 2150 -1 -1 -1 0 1 63371 2100 25000 1 1 0
1 28032 2150 75000 1 -1 0 0 63371 2100 -1 -1 -1 0
0 28032 2150 -1 -1 -1 0 1 63371 2100 37500 1 -1 0
1 28032 2150 62500 1 1 0 0 63371 2100 -1 -1 -1 0
0 28032 2150 -1 -1 -1 0 1 63371 2100 31250 1 -1 0
1 28032 2150 68750 1 -1 0 0 63371 2100 -1 -1 -1 0
0 28032 2150 -1 -1 -1 0 1 63371 2100 28125 1 -1 0
1 28032 2150 65625 1 -1 0 0 63371 2100 -1 -1 -1 0
0 28032 2150 -1 -1 -1 0 1 63371 2100 26562 1 1 0
1 28032 2150 64062 1 -1 0 0 63371 2100 -1 -1 -1 0
0 28032 2150 -1 -1 -1 0 1 63371 2100 27343 1 1 0
1 28032 2150 63281 1 1 0 0 63371 2100 -1 -1 -1 0
0 28032 2150 -1 -1 -1 0 1 63371 2100 27734 1 1 0
1 28032 2150 63671 1 -1 0 0 63371 2100 -1 -1 -1 0
0 28032 2150 -1 -1 -1 0 1 63371 2100 27929 1 1 0
1 28032 2150 63476 1 -1 0 0 63371 2100 -1 -1 -1 0
0 28032 2150 -1 -1 -1 0 1 63371 2100 28027 1 1 0
1 28032 2150 63378 1 -1 0 0 63371 2100 -1 -1 -1 0
0 28032 2150 -1 -1 -1 0 1 63371 2100 28076 1 -1 0
1 28032 2150 63329 1 1 0 0 63371 2100 -1 -1 -1 0
0 28032 2150 -1 -1 -1 0 1 63371 2100 28051 1 -1 0
1 28032 2150 63353 1 1 0 0 63371 2100 -1 -1 -1 0
0 28032 2150 -1 -1 -1 0 1 63371 2100 28039 1 -1 0
1 28032 2150 63365 1 1 0 0 63371 2100 -1 -1 -1 0
0 28032 2150 -1 -1 -1 0 1 63371 2100 28033 1 -1 0
1 28032 2250 63371 1 0 0 0 63371 2100 -1 -1 -1 0
0 28032 2250 -1 -1 -1 0 1 10234 2100 28030 1 1 0
1 28032 2250 50000 1 -1 0 0 10234 2100 -1 -1 -1 0
0 28032 2250 -1 -1 -1 0 1 10234 2100 28031 1 1 0
1 28032 2250 25000 1 -1 0 0 10234 2100 -1 -1 -1 0
0 28032 2250 -1 -1 -1 0 1 10234 2200 28032 1 0 0
1 22800 2250 12500 1 -1 0 0 10234 2200 -1 -1 -1 0
0 22800 2250 -1 -1 -1 0 1 10234 2200 50000 1 -1 0
1 22800 2250 6250 1 1 0 0 10234 2200 -1 -1 -1 0
0 22800 2250 -1 -1 -1 0 1 10234 2200 25000 1 -1 0
1 22800 2250 9375 1 1 0 0 10234 2200 -1 -1 -1 0
0 22800 2250 -1 -1 -1 0 1 10234 2200 12500 1 1 0
1 22800 2250 10937 1 -1 0 0 10234 2200 -1 -1 -1 0
0 22800 2250 -1 -1 -1 0 1 10234 2200 18750 1 1 0
1 22800 2250 10156 1 1 0 0 10234 2200 -1 -1 -1 0
0 22800 2250 -1 -1 -1 0 1 10234 2200 21875 1 1 0
1 22800 2250 10546 1 -1 0 0 10234 2200 -1 -1 -1 0
0 22800 2250 -1 -1 -1 0 1 10234 2200 23437 1 -1 0
1 22800 2250 10351 1 -1 0 0 10234 2200 -1 -1 -1 0
0 22800 2250 -1 -1 -1 0 1 10234 2200 22656 1 1 0
1 22800 2250 10253 1 -1 0 0 10234 2200 -1 -1 -1 0
0 22800 2250 -1 -1 -1 0 1 10234 2200 23046 1 -1 0
1 22800 2250 10204 1 1 0 0 10234 2200 -1 -1 -1 0
0 22800 2250 -1 -1 -1 0 1 10234 2200 22851 1 -1 0
1 22800 2250 10228 1 1 0 0 10234 2200 -1 -1 -1 0
0 22800 2250 -1 -1 -1 0 1 10234 2200 22753 1 1 0
1 22800 2250 10240 1 -1 0 0 10234 2200 -1 -1 -1 0
0 22800 2250 -1 -1 -1 0 1 10234 2200 22802 1 -1 0
1 22800 2350 10234 1 0 0 0 10234 2200 -1 -1 -1 0
0 22800 2350 -1 -1 -1 0 1 390 2200 22777 1 1 0
1 22800 2350 50000 1 -1 0 0 390 2200 -1 -1 -1 0
0 22800 2350 -1 -1 -1 0 1 390 2200 22789 1 1 0
1 22800 2350 25000 1 -1 0 0 390 2200 -1 -1 -1 0
0 22800 2350 -1 -1 -1 0 1 390 2200 22795 1 1 0
1 22800 2350 12500 1 -1 0 0 390 2200 -1 -1 -1 0
0 22800 2350 -1 -1 -1 0 1 390 2200 22798 1 1 0
1 22800 2350 6250 1 -1 0 0 390 2200 -1 -1 -1 0
0 22800 2350 -1 -1 -1 0 1 390 2300 22800 1 0 0
1 5371 2350 3125 1 -1 0 0 390 2300 -1 -1 -1 0
0 5371 2350 -1 -1 -1 0 1 390 2300 50000 1 -1 0
1 5371 2350 1563 1 -1 0 0 390 2300 -1 -1 -1 0
0 5371 2350 -1 -1 -1 0 1 390 2300 25000 1 -1 0
1 5371 2350 782 1 -1 0 0 390 2300 -1 -1 -1 0
0 5371 2350 -1 -1 -1 0 1 390 2300 12500 1 -1 0
1 5371 2350 391 1 -1 0 0 390 2300 -1 -1 -1 0
0 5371 2350 -1 -1 -1 0 1 390 2300 6250 1 -1 0
1 5371 2350 196 1 1 0 0 390 2300 -1 -1 -1 0
0 5371 2350 -1 -1 -1 0 1 390 2300 3125 1 1 0
1 5371 2350 293 1 1 0 0 390 2300 -1 -1 -1 0
0 5371 2350 -1 -1 -1 0 1 390 2300 4687 1 1 0
1 5371 2350 342 1 1 0 0 390 2300 -1 -1 -1 0
0 5371 2350 -1 -1 -1 0 1 390 2300 5468 1 -1 0
1 5371 2350 366 1 1 0 0 390 2300 -1 -1 -1 0
0 5371 2350 -1 -1 -1 0 1 390 2300 5077 1 1 0
1 5371 2350 378 1 1 0 0 390 2300 -1 -1 -1 0
0 5371 2350 -1 -1 -1 0 1 390 2300 5272 1 1 0
1 5371 2350 384 1 1 0 0 390 2300 -1 -1 -1 0
0 5371 2350 -1 -1 -1 0 1 390 2300 5370 1 1 0
1 5371 2350 387 1 1 0 0 390 2300 -1 -1 -1 0
0 5371 2350 -1 -1 -1 0 1 390 2300 5419 1 -1 0
1 5371 2350 389 1 1 0 0 390 2300 -1 -1 -1 0
0 5371 2350 -1 -1 -1 0 1 390 2300 5394 1 -1 0
1 5371 2450 390 1 0 0 0 390 2300 -1 -1 -1 0
0 5371 2450 -1 -1 -1 0 1 99714 2300 5382 1 -1 0
1 5371 2450 50000 1 1 0 0 99714 2300 -1 -1 -1 0
0 5371 2450 -1 -1 -1 0 1 99714 2300 5376 1 -1 0
1 5371 2450 75000 1 1 0 0 99714 2300 -1 -1 -1 0
0 5371 2450 -1 -1 -1 0 1 99714 2300 5373 1 -1 0
1 5371 2450 87500 1 1 0 0 99714 2300 -1 -1 -1 0
0 5371 2450 -1 -1 -1 0 1 99714 2400 5371 1 0 0
1 15581 2450 93750 1 1 0 0 99714 2400 -1 -1 -1 0
0 15581 2450 -1 -1 -1 0 1 99714 2400 50000 1 -1 0
1 15581 2450 96875 1 1 0 0 99714 2400 -1 -1 -1 0
0 15581 2450 -1 -1 -1 0 1 99714 2400 25000 1 -1 0
1 15581 2450 98437 1 1 0 0 99714 2400 -1 -1 -1 0
0 15581 2450 -1 -1 -1 0 1 99714 2400 12500 1 1 0
1 15581 2450 99218 1 1 0 0 99714 2400 -1 -1 -1 0
0 15581 2450 -1 -1 -1 0 1 99714 2400 18750 1 -1 0
1 15581 2450 99609 1 1 0 0 99714 2400 -1 -1 -1 0
0 15581 2450 -1 -1 -1 0 1 99714 2400 15625 1 -1 0
1 15581 2450 99804 1 -1 0 0 99714 2400 -1 -1 -1 0
0 15581 2450 -1 -1 -1 0 1 99714 2400 14062 1 1 0
1 15581 2450 99706 1 1 0 0 99714 2400 -1 -1 -1 0
0 15581 2450 -1 -1 -1 0 1 99714 2400 14843 1 1 0
1 15581 2450 99755 1 -1 0 0 99714 2400 -1 -1 -1 0
0 15581 2450 -1 -1 -1 0 1 99714 2400 15234 1 1 0
1 15581 2450 99730 1 -1 0 0 99714 2400 -1 -1 -1 0
0 15581 2450 -1 -1 -1 0 1 99714 2400 15429 1 1 0
1 15581 2450 99718 1 -1 0 0 99714 2400 -1 -1 -1 0
0 15581 2450 -1 -1 -1 0 1 99714 2400 15527 1 1 0
1 15581 2450 99712 1 1 0 0 99714 2400 -1 -1 -1 0
0 15581 2450 -1 -1 -1 0 1 99714 2400 15576 1 1 0
1 15581 2450 99715 1 -1 0 0 99714 2400 -1 -1 -1 0
0 15581 2450 -1 -1 -1 0 1 99714 2400 15600 1 -1 0
1 15581 2450 99713 1 1 0 0 99714 2400 -1 -1 -1 0
0 15581 2450 -1 -1 -1 0 1 99714 2400 15588 1 -1 0
1 15581 2550 99714 1 0 0 0 99714 2400 -1 -1 -1 0
0 15581 2550 -1 -1 -1 0 1 55814 2400 15582 1 -1 0
1 15581 2550 50000 1 1 0 0 55814 2400 -1 -1 -1 0
0 15581 2550 -1 -1 -1 0 1 55814 2400 15579 1 1 0
1 15581 2550 75000 1 -1 0 0 55814 2400 -1 -1 -1 0
0 15581 2550 -1 -1 -1 0 1 55814 2400 15580 1 1 0
1 15581 2550 62500 1 -1 0 0 55814 2400 -1 -1 -1 0
0 15581 2550 -1 -1 -1 0 1 55814 2500 15581 1 0 0
1 21930 2550 56250 1 -1 0 0 55814 2500 -1 -1 -1 0
0 21930 2550 -1 -1 -1 0 1 55814 2500 50000 1 -1 0
1 21930 2550 53125 1 1 0 0 55814 2500 -1 -1 -1 0
0 21930 2550 -1 -1 -1 0 1 55814 2500 25000 1 -1 0
1 21930 2550 54687 1 1 0 0 55814 2500 -1 -1 -1 0
0 21930 2550 -1 -1 -1 0 1 55814 2500 12500 1 1 0
1 21930 2550 55468 1 1 0 0 55814 2500 -1 -1 -1 0
0 21930 2550 -1 -1 -1 0 1 55814 2500 18750 1 1 0
1 21930 2550 55859 1 -1 0 0 55814 2500 -1 -1 -1 0
0 21930 2550 -1 -1 -1 0 1 55814 2500 21875 1 1 0
1 21930 2550 55663 1 1 0 0 55814 2500 -1 -1 -1 0
0 21930 2550 -1 -1 -1 0 1 55814 2500 23437 1 -1 0
1 21930 2550 55761 1 1 0 0 55814 2500 -1 -1 -1 0
0 21930 2550 -1 -1 -1 0 1 55814 2500 22656 1 -1 0
1 21930 2550 55810 1 1 0 0 55814 2500 -1 -1 -1 0
0 21930 2550 -1 -1 -1 0 1 55814 2500 22265 1 -1 0
1 21930 2550 55834 1 -1 0 0 55814 2500 -1 -1 -1 0
0 21930 2550 -1 -1 -1 0 1 55814 2500 22070 1 -1 0
1 21930 2550 55822 1 -1 0 0 55814 2500 -1 -1 -1 0
0 21930 2550 -1 -1 -1 0 1 55814 2500 21972 1 -1 0
1 21930 2550 55816 1 -1 0 0 55814 2500 -1 -1 -1 0
0 21930 2550 -1 -1 -1 0 1 55814 2500 21923 1 1 0
1 21930 2550 55813 1 1 0 0 55814 2500 -1 -1 -1 0
0 21930 2550 -1 -1 -1 0 1 55814 2500 21947 1 -1 0
1 21930 2650 55814 1 0 0 0 55814 2500 -1 -1 -1 0
0 21930 2650 -1 -1 -1 0 1 50143 2500 21935 1 -1 0
1 21930 2650 50000 1 1 0 0 50143 2500 -1 -1 -1 0
0 21930 2650 -1 -1 -1 0 1 50143 2500 21929 1 1 0
1 21930 2650 75000 1 -1 0 0 50143 2500 -1 -1 -1 0
0 21930 2650 -1 -1 -1 0 1 50143 2500 21932 1 -1 0
1 21930 2650 62500 1 -1 0 0 50143 2500 -1 -1 -1 0
0 21930 2650 -1 -1 -1 0 1 50143 2600 21930 1 0 0
1 14794 2650 56250 1 -1 0 0 50143 2600 -1 -1 -1 0
0 14794 2650 -1 -1 -1 0 1 50143 2600 50000 1 -1 0
1 14794 2650 53125 1 -1 0 0 50143 2600 -1 -1 -1 0
0 14794 2650 -1 -1 -1 0 1 50143 2600 25000 1 -1 0
1 14794 2650 51562 1 -1 0 0 50143 2600 -1 -1 -1 0
0 14794 2650 -1 -1 -1 0 1 50143 2600 12500 1 1 0
1 14794 2650 50781 1 -1 0 0 50143 2600 -1 -1 -1 0
0 14794 2650 -1 -1 -1 0 1 50143 2600 18750 1 -1 0
1 14794 2650 50390 1 -1 0 0 50143 2600 -1 -1 -1 0
0 14794 2650 -1 -1 -1 0 1 50143 2600 15625 1 -1 0
1 14794 2650 50195 1 -1 0 0 50143 2600 -1 -1 -1 0
0 14794 2650 -1 -1 -1 0 1 50143 2600 14062 1 1 0
1 14794 2650 50097 1 1 0 0 50143 2600 -1 -1 -1 0
0 14794 2650 -1 -1 -1 0 1 50143 2600 14843 1 -1 0
1 14794 2650 50146 1 -1 0 0 50143 2600 -1 -1 -1 0
0 14794 2650 -1 -1 -1 0 1 50143 2600 14452 1 1 0
1 14794 2650 50121 1 1 0 0 50143 2600 -1 -1 -1 0
0 14794 2650 -1 -1 -1 0 1 50143 2600 14647 1 1 0
1 14794 2650 50133 1 1 0 0 50143 2600 -1 -1 -1 0
0 14794 2650 -1 -1 -1 0 1 50143 2600 14745 1 1 0
1 14794 2650 50139 1 1 0 0 50143 2600 -1 -1 -1 0
0 14794 2650 -1 -1 -1 0 1 50143 2700 14794 1 0 0
1 13173 2650 50142 1 1 0 0 50143 2700 -1 -1 -1 0
0 13173 2650 -1 -1 -1 0 1 50143 2700 50000 1 -1 0
1 13173 2650 50144 1 -1 0 0 50143 2700 -1 -1 -1 0
0 13173 2650 -1 -1 -1 0 1 50143 2700 25000 1 -1 0
1 13173 2750 50143 1 0 0 0 50143 2700 -1 -1 -1 0
0 13173 2750 -1 -1 -1 0 1 95457 2700 12500 1 1 0
1 13173 2750 50000 1 1 0 0 95457 2700 -1 -1 -1 0
0 13173 2750 -1 -1 -1 0 1 95457 2700 18750 1 -1 0
1 13173 2750 75000 1 1 0 0 95457 2700 -1 -1 -1 0
0 13173 2750 -1 -1 -1 0 1 95457 2700 15625 1 -1 0
1 13173 2750 87500 1 1 0 0 95457 2700 -1 -1 -1 0
0 13173 2750 -1 -1 -1 0 1 95457 2700 14062 1 -1 0
1 13173 2750 93750 1 1 0 0 95457 2700 -1 -1 -1 0
0 13173 2750 -1 -1 -1 0 1 95457 2700 13281 1 -1 0
1 13173 2750 96875 1 -1 0 0 95457 2700 -1 -1 -1 0
0 13173 2750 -1 -1 -1 0 1 95457 2700 12890 1 1 0
1 13173 2750 95312 1 1 0 0 95457 2700 -1 -1 -1 0
0 13173 2750 -1 -1 -1 0 1 95457 2700 13085 1 1 0
1 13173 2750 96093 1 -1 0 0 95457 2700 -1 -1 -1 0
0 13173 2750 -1 -1 -1 0 1 95457 2700 13183 1 -1 0
1 13173 2750 95702 1 -1 0 0 95457 2700 -1 -1 -1 0
0 13173 2750 -1 -1 -1 0 1 95457 2700 13134 1 1 0
1 13173 2750 95507 1 -1 0 0 95457 2700 -1 -1 -1 0
0 13173 2750 -1 -1 -1 0 1 95457 2700 13158 1 1 0
1 13173 2750 95409 1 1 0 0 95457 2700 -1 -1 -1 0
0 13173 2750 -1 -1 -1 0 1 95457 2700 13170 1 1 0
1 13173 2750 95458 1 -1 0 0 95457 2700 -1 -1 -1 0
0 13173 2750 -1 -1 -1 0 1 95457 2700 13176 1 -1 0
1 13173 2750 95433 1 1 0 0 95457 2700 -1 -1 -1 0
0 13173 2750 -1 -1 -1 0 1 95457 2800 13173 1 0 0
1 15059 2750 95445 1 1 0 0 95457 2800 -1 -1 -1 0
0 15059 2750 -1 -1 -1 0 1 95457 2800 50000 1 -1 0
1 15059 2750 95451 1 1 0 0 95457 2800 -1 -1 -1 0
0 15059 2750 -1 -1 -1 0 1 95457 2800 25000 1 -1 0
1 15059 2750 95454 1 1 0 0 95457 2800 -1 -1 -1 0
0 15059 2750 -1 -1 -1 0 1 95457 2800 12500 1 1 0
1 15059 2750 95456 1 1 0 0 95457 2800 -1 -1 -1 0
0 15059 2750 -1 -1 -1 0 1 95457 2800 18750 1 -1 0
1 15059 2850 95457 1 0 0 0 95457 2800 -1 -1 -1 0
0 15059 2850 -1 -1 -1 0 1 47490 2800 15625 1 -1 0
1 15059 2850 50000 1 -1 0 0 47490 2800 -1 -1 -1 0
0 15059 2850 -1 -1 -1 0 1 47490 2800 14062 1 1 0
1 15059 2850 25000 1 1 0 0 47490 2800 -1 -1 -1 0
0 15059 2850 -1 -1 -1 0 1 47490 2800 14843 1 1 0
1 15059 2850 37500 1 1 0 0 47490 2800 -1 -1 -1 0
0 15059 2850 -1 -1 -1 0 1 47490 2800 15234 1 -1 0
1 15059 2850 43750 1 1 0 0 47490 2800 -1 -1 -1 0
0 15059 2850 -1 -1 -1 0 1 47490 2800 15038 1 1 0
1 15059 2850 46875 1 1 0 0 47490 2800 -1 -1 -1 0
0 15059 2850 -1 -1 -1 0 1 47490 2800 15136 1 -1 0
1 15059 2850 48437 1 -1 0 0 47490 2800 -1 -1 -1 0
0 15059 2850 -1 -1 -1 0 1 47490 2800 15087 1 -1 0
1 15059 2850 47656 1 -1 0 0 47490 2800 -1 -1 -1 0
0 15059 2850 -1 -1 -1 0 1 47490 2800 15062 1 -1 0
1 15059 2850 47265 1 1 0 0 47490 2800 -1 -1 -1 0
0 15059 2850 -1 -1 -1 0 1 47490 2800 15050 1 1 0
1 15059 2850 47460 1 1 0 0 47490 2800 -1 -1 -1 0
0 15059 2850 -1 -1 -1 0 1 47490 2800 15056 1 1 0
1 15059 2850 47558 1 -1 0 0 47490 2800 -1 -1 -1 0
0 15059 2850 -1 -1 -1 0 1 47490 2900 15059 1 0 0
1 44943 2850 47509 1 -1 0 0 47490 2900 -1 -1 -1 0
0 44943 2850 -1 -1 -1 0 1 47490 2900 50000 1 -1 0
1 44943 2850 47484 1 1 0 0 47490 2900 -1 -1 -1 0
0 44943 2850 -1 -1 -1 0 1 47490 2900 25000 1 1 0
1 44943 2850 47496 1 -1 0 0 47490 2900 -1 -1 -1 0
0 44943 2850 -1 -1 -1 0 1 47490 2900 37500 1 1 0
1 44943 2950 47490 1 0 0 0 47490 2900 -1 -1 -1 0
0 44943 2950 -1 -1 -1 0 1 37451 2900 43750 1 1 0
1 44943 2950 50000 1 -1 0 0 37451 2900 -1 -1 -1 0
0 44943 2950 -1 -1 -1 0 1 37451 2900 46875 1 -1 0
1 44943 2950 25000 1 1 0 0 37451 2900 -1 -1 -1 0
0 44943 2950 -1 -1 -1 0 1 37451 2900 45312 1 -1 0
1 44943 2950 37500 1 -1 0 0 37451 2900 -1 -1 -1 0
0 44943 2950 -1 -1 -1 0 1 37451 2900 44531 1 1 0
1 44943 2950 31250 1 1 0 0 37451 2900 -1 -1 -1 0
0 44943 2950 -1 -1 -1 0 1 37451 2900 44921 1 1 0
1 44943 2950 34375 1 1 0 0 37451 2900 -1 -1 -1 0
0 44943 2950 -1 -1 -1 0 1 37451 2900 45116 1 -1 0
1 44943 2950 35937 1 1 0 0 37451 2900 -1 -1 -1 0
0 44943 2950 -1 -1 -1 0 1 37451 2900 45018 1 -1 0
1 44943 2950 36718 1 1 0 0 37451 2900 -1 -1 -1 0
0 44943 2950 -1 -1 -1 0 1 37451 2900 44969 1 -1 0
1 44943 2950 37109 1 1 0 0 37451 2900 -1 -1 -1 0
0 44943 2950 -1 -1 -1 0 1 37451 2900 44945 1 -1 0
1 44943 2950 37304 1 1 0 0 37451 2900 -1 -1 -1 0
0 44943 2950 -1 -1 -1 0 1 37451 2900 44933 1 1 0
1 44943 2950 37402 1 1 0 0 37451 2900 -1 -1 -1 0
0 44943 2950 -1 -1 -1 0 1 37451 2900 44939 1 1 0
1 44943 3050 37451 1 0 0 0 37451 2900 -1 -1 -1 0
0 44943 3050 -1 -1 -1 0 1 87958 2900 44942 1 1 0
1 44943 3050 50000 1 1 0 0 87958 2900 -1 -1 -1 0
0 44943 3050 -1 -1 -1 0 1 87958 3000 44943 1 0 0
1 45009 3050 75000 1 1 0 0 87958 3000 -1 -1 -1 0
0 45009 3050 -1 -1 -1 0 1 87958 3000 50000 1 -1 0
1 45009 3050 87500 1 1 0 0 87958 3000 -1 -1 -1 0
0 45009 3050 -1 -1 -1 0 1 87958 3000 25000 1 1 0
1 45009 3050 93750 1 -1 0 0 87958 3000 -1 -1 -1 0
0 45009 3050 -1 -1 -1 0 1 87958 3000 37500 1 1 0
1 45009 3050 90625 1 -1 0 0 87958 3000 -1 -1 -1 0
0 45009 3050 -1 -1 -1 0 1 87958 3000 43750 1 1 0
1 45009 3050 89062 1 -1 0 0 87958 3000 -1 -1 -1 0
0 45009 3050 -1 -1 -1 0 1 87958 3000 46875 1 -1 0
1 45009 3050 88281 1 -1 0 0 87958 3000 -1 -1 -1 0
0 45009 3050 -1 -1 -1 0 1 87958 3000 45312 1 -1 0
1 45009 3050 87890 1 1 0 0 87958 3000 -1 -1 -1 0
0 45009 3050 -1 -1 -1 0 1 87958 3000 44531 1 1 0
1 45009 3050 88085 1 -1 0 0 87958 3000 -1 -1 -1 0
0 45009 3050 -1 -1 -1 0 1 87958 3000 44921 1 1 0
1 45009 3050 87987 1 -1 0 0 87958 3000 -1 -1 -1 0
0 45009 3050 -1 -1 -1 0 1 87958 3000 45116 1 -1 0
1 45009 3050 87938 1 1 0 0 87958 3000 -1 -1 -1 0
0 45009 3050 -1 -1 -1 0 1 87958 3000 45018 1 -1 0
1 45009 3050 87962 1 -1 0 0 87958 3000 -1 -1 -1 0
0 45009 3050 -1 -1 -1 0 1 87958 3000 44969 1 1 0
1 45009 3050 87950 1 1 0 0 87958 3000 -1 -1 -1 0
0 45009 3050 -1 -1 -1 0 1 87958 3000 44993 1 1 0
1 45009 3050 87956 1 1 0 0 87958 3000 -1 -1 -1 0
0 45009 3050 -1 -1 -1 0 1 87958 3000 45005 1 1 0
1 45009 3050 87959 1 -1 0 0 87958 3000 -1 -1 -1 0
0 45009 3050 -1 -1 -1 0 1 87958 3000 45011 1 -1 0
1 45009 3050 87957 1 1 0 0 87958 3000 -1 -1 -1 0
0 45009 3050 -1 -1 -1 0 1 87958 3000 45008 1 1 0
1 45009 3150 87958 1 0 0 0 87958 3000 -1 -1 -1 0
0 45009 3150 -1 -1 -1 0 1 30256 3100 45009 1 0 0
1 48056 3150 50000 1 -1 0 0 30256 3100 -1 -1 -1 0
0 48056 3150 -1 -1 -1 0 1 30256 3100 50000 1 -1 0
1 48056 3150 25000 1 1 0 0 30256 3100 -1 -1 -1 0
0 48056 3150 -1 -1 -1 0 1 30256 3100 25000 1 1 0
1 48056 3150 37500 1 -1 0 0 30256 3100 -1 -1 -1 0
0 48056 3150 -1 -1 -1 0 1 30256 3100 37500 1 1 0
1 48056 3150 31250 1 -1 0 0 30256 3100 -1 -1 -1 0
0 48056 3150 -1 -1 -1 0 1 30256 3100 43750 1 1 0
1 48056 3150 28125 1 1 0 0 30256 3100 -1 -1 -1 0
0 48056 3150 -1 -1 -1 0 1 30256 3100 46875 1 1 0
1 48056 3150 29687 1 1 0 0 30256 3100 -1 -1 -1 0
0 48056 3150 -1 -1 -1 0 1 30256 3100 48437 1 -1 0
1 48056 3150 30468 1 -1 0 0 30256 3100 -1 -1 -1 0
0 48056 3150 -1 -1 -1 0 1 30256 3100 47656 1 1 0
1 48056 3150 30077 1 1 0 0 30256 3100 -1 -1 -1 0
0 48056 3150 -1 -1 -1 0 1 30256 3100 48046 1 1 0
1 48056 3150 30272 1 -1 0 0 30256 3100 -1 -1 -1 0
0 48056 3150 -1 -1 -1 0 1 30256 3100 48241 1 -1 0
1 48056 3150 30174 1 1 0 0 30256 3100 -1 -1 -1 0
0 48056 3150 -1 -1 -1 0 1 30256 3100 48143 1 -1 0
1 48056 3150 30223 1 1 0 0 30256 3100 -1 -1 -1 0
0 48056 3150 -1 -1 -1 0 1 30256 3100 48094 1 -1 0
1 48056 3150 30247 1 1 0 0 30256 3100 -1 -1 -1 0
0 48056 3150 -1 -1 -1 0 1 30256 3100 48070 1 -1 0
1 48056 3150 30259 1 -1 0 0 30256 3100 -1 -1 -1 0
0 48056 3150 -1 -1 -1 0 1 30256 3100 48058 1 -1 0
1 48056 3150 30253 1 1 0 0 30256 3100 -1 -1 -1 0
0 48056 3150 -1 -1 -1 0 1 30256 3100 48052 1 1 0
1 48056 3250 30256 1 0 0 0 30256 3100 -1 -1 -1 0
0 48056 3250 -1 -1 -1 0 1 99169 3100 48055 1 1 0
1 48056 3250 50000 1 1 0 0 99169 3100 -1 -1 -1 0
0 48056 3250 -1 -1 -1 0 1 99169 3200 48056 1 0 0
1 14955 3250 75000 1 1 0 0 99169 3200 -1 -1 -1 0
0 14955 3250 -1 -1 -1 0 1 99169 3200 50000 1 -1 0
1 14955 3250 87500 1 1 0 0 99169 3200 -1 -1 -1 0
0 14955 3250 -1 -1 -1 0 1 99169 3200 25000 1 -1 0
1 14955 3250 93750 1 1 0 0 99169 3200 -1 -1 -1 0
0 14955 3250 -1 -1 -1 0 1 99169 3200 12500 1 1 0
1 14955 3250 96875 1 1 0 0 99169 3200 -1 -1 -1 0
0 14955 3250 -1 -1 -1 0 1 99169 3200 18750 1 -1 0
1 14955 3250 98437 1 1 0 0 99169 3200 -1 -1 -1 0
0 14955 3250 -1 -1 -1 0 1 99169 3200 15625 1 -1 0
1 14955 3250 99218 1 -1 0 0 99169 3200 -1 -1 -1 0
0 14955 3250 -1 -1 -1 0 1 99169 3200 14062 1 1 0
1 14955 3250 98827 1 1 0 0 99169 3200 -1 -1 -1 0
0 14955 3250 -1 -1 -1 0 1 99169 3200 14843 1 1 0